3450.000  7.838e-14
3451.270  5.614e-14
3452.540  2.433e-14
3453.810  2.431e-14
3455.080  4.582e-14
3456.350  5.239e-14
3457.620  4.667e-14
3458.890  4.849e-14
3460.160  4.733e-14
3461.430  6.429e-14
3462.700  6.679e-14
3463.970  6.361e-14
3465.240  6.904e-14
3466.520  7.094e-14
3467.790  5.783e-14
3469.060  3.572e-14
3470.330  3.951e-14
3471.600  4.527e-14
3472.870  4.876e-14
3474.140  5.945e-14
3475.410  5.950e-14
3476.680  3.916e-14
3477.950  3.230e-14
3479.220  4.187e-14
3480.490  5.495e-14
3481.760  5.584e-14
3483.030  5.308e-14
3484.300  4.449e-14
3485.570  3.545e-14
3486.840  4.975e-14
3488.110  5.333e-14
3489.380  5.079e-14
3490.650  5.049e-14
3491.920  5.350e-14
3493.190  5.888e-14
3494.460  5.222e-14
3495.730  3.569e-14
3497.000  4.919e-14
3498.270  5.185e-14
3499.550  5.745e-14
3500.820  5.330e-14
3502.090  4.057e-14
3503.360  3.810e-14
3504.630  4.500e-14
3505.900  5.208e-14
3507.170  5.024e-14
3508.440  5.237e-14
3509.710  5.284e-14
3510.980  6.276e-14
3512.250  7.171e-14
3513.520  6.023e-14
3514.790  5.068e-14
3516.060  4.572e-14
3517.330  5.517e-14
3518.600  5.819e-14
3519.870  5.072e-14
3521.140  5.169e-14
3522.410  5.916e-14
3523.680  5.622e-14
3524.950  5.562e-14
3526.220  4.735e-14
3527.490  4.533e-14
3528.760  4.758e-14
3530.030  4.823e-14
3531.310  4.684e-14
3532.580  4.591e-14
3533.850  5.333e-14
3535.120  5.879e-14
3536.390  5.881e-14
3537.660  5.524e-14
3538.930  5.530e-14
3540.200  5.555e-14
3541.470  5.010e-14
3542.740  4.995e-14
3544.010  5.565e-14
3545.280  5.934e-14
3546.550  5.918e-14
3547.820  5.845e-14
3549.090  5.406e-14
3550.360  4.670e-14
3551.630  4.491e-14
3552.900  4.420e-14
3554.170  5.039e-14
3555.440  5.756e-14
3556.710  5.918e-14
3557.980  5.754e-14
3559.250  5.775e-14
3560.520  5.941e-14
3561.790  6.006e-14
3563.060  6.316e-14
3564.340  6.063e-14
3565.610  5.368e-14
3566.880  5.201e-14
3568.150  5.418e-14
3569.420  5.477e-14
3570.690  5.852e-14
3571.960  5.622e-14
3573.230  5.207e-14
3574.500  5.113e-14
3575.770  5.096e-14
3577.040  4.951e-14
3578.310  5.061e-14
3579.580  5.504e-14
3580.850  5.531e-14
3582.120  5.548e-14
3583.390  5.821e-14
3584.660  5.982e-14
3585.930  5.924e-14
3587.200  5.820e-14
3588.470  5.676e-14
3589.740  5.512e-14
3591.010  5.009e-14
3592.280  5.291e-14
3593.550  5.934e-14
3594.820  5.970e-14
3596.090  5.519e-14
3597.370  5.224e-14
3598.640  5.260e-14
3599.910  5.465e-14
3601.180  5.142e-14
3602.450  4.500e-14
3603.720  4.596e-14
3604.990  5.031e-14
3606.260  4.968e-14
3607.530  4.979e-14
3608.800  4.479e-14
3610.070  4.795e-14
3611.340  5.529e-14
3612.610  5.164e-14
3613.880  4.548e-14
3615.150  4.759e-14
3616.420  4.706e-14
3617.690  4.675e-14
3618.960  4.450e-14
3620.230  4.308e-14
3621.500  4.336e-14
3622.770  4.366e-14
3624.040  4.418e-14
3625.310  4.513e-14
3626.580  4.424e-14
3627.850  4.452e-14
3629.130  4.461e-14
3630.400  4.573e-14
3631.670  4.483e-14
3632.940  4.109e-14
3634.210  3.953e-14
3635.480  4.025e-14
3636.750  3.986e-14
3638.020  3.992e-14
3639.290  4.004e-14
3640.560  3.871e-14
3641.830  3.635e-14
3643.100  3.544e-14
3644.370  3.697e-14
3645.640  3.787e-14
3646.910  3.742e-14
3648.180  3.614e-14
3649.450  3.394e-14
3650.720  3.392e-14
3651.990  3.539e-14
3653.260  3.364e-14
3654.530  3.327e-14
3655.800  3.557e-14
3657.070  3.452e-14
3658.340  3.101e-14
3659.610  2.968e-14
3660.880  3.087e-14
3662.160  3.142e-14
3663.430  3.079e-14
3664.700  3.178e-14
3665.970  3.189e-14
3667.240  3.187e-14
3668.510  3.079e-14
3669.780  2.826e-14
3671.050  2.691e-14
3672.320  2.692e-14
3673.590  2.556e-14
3674.860  2.519e-14
3676.130  2.386e-14
3677.400  2.413e-14
3678.670  2.438e-14
3679.940  2.350e-14
3681.210  2.574e-14
3682.480  2.533e-14
3683.750  2.369e-14
3685.020  2.490e-14
3686.290  2.416e-14
3687.560  2.053e-14
3688.830  1.912e-14
3690.100  2.051e-14
3691.370  2.155e-14
3692.640  2.250e-14
3693.920  2.076e-14
3695.190  2.111e-14
3696.460  2.215e-14
3697.730  2.176e-14
3699.000  2.186e-14
3700.270  2.074e-14
3701.540  2.012e-14
3702.810  1.937e-14
3704.080  1.813e-14
3705.350  1.707e-14
3706.620  1.742e-14
3707.890  1.908e-14
3709.160  2.038e-14
3710.430  2.097e-14
3711.700  2.052e-14
3712.970  2.000e-14
3714.240  2.067e-14
3715.510  2.039e-14
3716.780  1.929e-14
3718.050  2.066e-14
3719.320  2.207e-14
3720.590  2.264e-14
3721.860  2.231e-14
3723.130  2.193e-14
3724.400  2.173e-14
3725.670  2.223e-14
3726.950  2.306e-14
3728.220  2.191e-14
3729.490  2.115e-14
3730.760  2.291e-14
3732.030  2.326e-14
3733.300  2.156e-14
3734.570  2.148e-14
3735.840  2.329e-14
3737.110  2.365e-14
3738.380  2.367e-14
3739.650  2.428e-14
3740.920  2.512e-14
3742.190  2.472e-14
3743.460  2.556e-14
3744.730  2.802e-14
3746.000  2.851e-14
3747.270  2.963e-14
3748.540  2.908e-14
3749.810  2.986e-14
3751.080  2.985e-14
3752.350  2.919e-14
3753.620  3.100e-14
3754.890  3.372e-14
3756.160  3.379e-14
3757.430  3.281e-14
3758.710  3.237e-14
3759.980  3.419e-14
3761.250  3.466e-14
3762.520  3.347e-14
3763.790  3.409e-14
3765.060  3.430e-14
3766.330  3.325e-14
3767.600  3.278e-14
3768.870  3.392e-14
3770.140  3.528e-14
3771.410  3.521e-14
3772.680  3.453e-14
3773.950  3.487e-14
3775.220  3.513e-14
3776.490  3.538e-14
3777.760  3.544e-14
3779.030  3.529e-14
3780.300  3.659e-14
3781.570  3.846e-14
3782.840  3.810e-14
3784.110  3.766e-14
3785.380  3.812e-14
3786.650  3.815e-14
3787.920  3.849e-14
3789.190  3.859e-14
3790.460  3.886e-14
3791.740  4.035e-14
3793.010  4.104e-14
3794.280  4.141e-14
3795.550  4.125e-14
3796.820  4.037e-14
3798.090  4.100e-14
3799.360  4.386e-14
3800.630  4.556e-14
3801.900  4.389e-14
3803.170  4.289e-14
3804.440  4.456e-14
3805.710  4.497e-14
3806.980  4.479e-14
3808.250  4.632e-14
3809.520  4.772e-14
3810.790  4.761e-14
3812.060  4.935e-14
3813.330  5.153e-14
3814.600  5.237e-14
3815.870  5.179e-14
3817.140  5.187e-14
3818.410  5.332e-14
3819.680  5.460e-14
3820.950  5.512e-14
3822.220  5.474e-14
3823.490  5.577e-14
3824.770  5.808e-14
3826.040  5.990e-14
3827.310  6.042e-14
3828.580  6.029e-14
3829.850  6.107e-14
3831.120  6.421e-14
3832.390  6.696e-14
3833.660  6.612e-14
3834.930  6.461e-14
3836.200  6.547e-14
3837.470  6.761e-14
3838.740  6.897e-14
3840.010  6.907e-14
3841.280  6.996e-14
3842.550  7.132e-14
3843.820  7.222e-14
3845.090  7.430e-14
3846.360  7.760e-14
3847.630  7.919e-14
3848.900  7.929e-14
3850.170  8.018e-14
3851.440  8.201e-14
3852.710  8.423e-14
3853.980  8.460e-14
3855.250  8.415e-14
3856.530  8.513e-14
3857.800  8.557e-14
3859.070  8.698e-14
3860.340  8.821e-14
3861.610  8.734e-14
3862.880  8.743e-14
3864.150  9.041e-14
3865.420  9.306e-14
3866.690  9.315e-14
3867.960  9.344e-14
3869.230  9.505e-14
3870.500  9.422e-14
3871.770  9.325e-14
3873.040  9.399e-14
3874.310  9.470e-14
3875.580  9.526e-14
3876.850  9.634e-14
3878.120  9.619e-14
3879.390  9.680e-14
3880.660  9.685e-14
3881.930  9.707e-14
3883.200  9.898e-14
3884.470  9.987e-14
3885.740  9.770e-14
3887.010  9.721e-14
3888.280  9.885e-14
3889.560  9.967e-14
3890.830  9.992e-14
3892.100  9.976e-14
3893.370  9.999e-14
3894.640  1.028e-13
3895.910  1.029e-13
3897.180  1.004e-13
3898.450  1.011e-13
3899.720  1.029e-13
3900.990  1.036e-13
3902.260  1.046e-13
3903.530  1.045e-13
3904.800  1.032e-13
3906.070  1.035e-13
3907.340  1.033e-13
3908.610  1.026e-13
3909.880  1.046e-13
3911.150  1.069e-13
3912.420  1.065e-13
3913.690  1.082e-13
3914.960  1.093e-13
3916.230  1.065e-13
3917.500  1.050e-13
3918.770  1.070e-13
3920.040  1.079e-13
3921.320  1.064e-13
3922.590  1.071e-13
3923.860  1.085e-13
3925.130  1.061e-13
3926.400  1.042e-13
3927.670  1.053e-13
3928.940  1.061e-13
3930.210  1.052e-13
3931.480  1.052e-13
3932.750  1.033e-13
3934.020  9.977e-14
3935.290  9.469e-14
3936.560  8.848e-14
3937.830  8.377e-14
3939.100  8.181e-14
3940.370  8.177e-14
3941.640  8.459e-14
3942.910  8.861e-14
3944.180  9.247e-14
3945.450  9.564e-14
3946.720  9.860e-14
3947.990  1.009e-13
3949.260  1.021e-13
3950.530  1.035e-13
3951.800  1.032e-13
3953.070  1.024e-13
3954.350  1.027e-13
3955.620  1.023e-13
3956.890  1.010e-13
3958.160  1.009e-13
3959.430  1.007e-13
3960.700  9.962e-14
3961.970  9.895e-14
3963.240  9.815e-14
3964.510  9.742e-14
3965.780  9.711e-14
3967.050  9.633e-14
3968.320  9.390e-14
3969.590  8.962e-14
3970.860  8.492e-14
3972.130  8.212e-14
3973.400  8.063e-14
3974.670  8.024e-14
3975.940  8.225e-14
3977.210  8.602e-14
3978.480  8.882e-14
3979.750  9.086e-14
3981.020  9.339e-14
3982.290  9.592e-14
3983.560  9.702e-14
3984.830  9.613e-14
3986.110  9.478e-14
3987.380  9.492e-14
3988.650  9.554e-14
3989.920  9.598e-14
3991.190  9.709e-14
3992.460  9.761e-14
3993.730  9.771e-14
3995.000  9.882e-14
3996.270  9.990e-14
3997.540  9.969e-14
3998.810  9.862e-14
4000.080  9.842e-14
4001.350  9.882e-14
4002.620  9.927e-14
4003.890  1.001e-13
4005.160  1.013e-13
4006.430  1.018e-13
4007.700  1.013e-13
4008.970  1.019e-13
4010.240  1.039e-13
4011.510  1.048e-13
4012.780  1.042e-13
4014.050  1.037e-13
4015.320  1.039e-13
4016.590  1.051e-13
4017.860  1.075e-13
4019.140  1.088e-13
4020.410  1.085e-13
4021.680  1.084e-13
4022.950  1.099e-13
4024.220  1.122e-13
4025.490  1.132e-13
4026.760  1.130e-13
4028.030  1.131e-13
4029.300  1.133e-13
4030.570  1.126e-13
4031.840  1.120e-13
4033.110  1.129e-13
4034.380  1.137e-13
4035.650  1.137e-13
4036.920  1.138e-13
4038.190  1.141e-13
4039.460  1.141e-13
4040.730  1.136e-13
4042.000  1.139e-13
4043.270  1.165e-13
4044.540  1.178e-13
4045.810  1.168e-13
4047.080  1.166e-13
4048.350  1.172e-13
4049.620  1.172e-13
4050.890  1.174e-13
4052.170  1.183e-13
4053.440  1.182e-13
4054.710  1.186e-13
4055.980  1.190e-13
4057.250  1.187e-13
4058.520  1.191e-13
4059.790  1.206e-13
4061.060  1.213e-13
4062.330  1.214e-13
4063.600  1.219e-13
4064.870  1.231e-13
4066.140  1.233e-13
4067.410  1.228e-13
4068.680  1.230e-13
4069.950  1.232e-13
4071.220  1.226e-13
4072.490  1.209e-13
4073.760  1.200e-13
4075.030  1.203e-13
4076.300  1.214e-13
4077.570  1.218e-13
4078.840  1.208e-13
4080.110  1.202e-13
4081.380  1.205e-13
4082.650  1.204e-13
4083.930  1.196e-13
4085.200  1.201e-13
4086.470  1.208e-13
4087.740  1.194e-13
4089.010  1.175e-13
4090.280  1.184e-13
4091.550  1.186e-13
4092.820  1.193e-13
4094.090  1.207e-13
4095.360  1.210e-13
4096.630  1.200e-13
4097.900  1.194e-13
4099.170  1.202e-13
4100.440  1.182e-13
4101.710  1.162e-13
4102.980  1.164e-13
4104.250  1.170e-13
4105.520  1.164e-13
4106.790  1.149e-13
4108.060  1.137e-13
4109.330  1.128e-13
4110.600  1.125e-13
4111.870  1.127e-13
4113.140  1.131e-13
4114.410  1.133e-13
4115.680  1.131e-13
4116.960  1.124e-13
4118.230  1.118e-13
4119.500  1.124e-13
4120.770  1.118e-13
4122.040  1.111e-13
4123.310  1.118e-13
4124.580  1.120e-13
4125.850  1.109e-13
4127.120  1.108e-13
4128.390  1.114e-13
4129.660  1.116e-13
4130.930  1.099e-13
4132.200  1.100e-13
4133.470  1.125e-13
4134.740  1.132e-13
4136.010  1.127e-13
4137.280  1.117e-13
4138.550  1.106e-13
4139.820  1.093e-13
4141.090  1.086e-13
4142.360  1.085e-13
4143.630  1.085e-13
4144.900  1.086e-13
4146.170  1.089e-13
4147.440  1.089e-13
4148.720  1.088e-13
4149.990  1.090e-13
4151.260  1.094e-13
4152.530  1.094e-13
4153.800  1.091e-13
4155.070  1.099e-13
4156.340  1.102e-13
4157.610  1.090e-13
4158.880  1.090e-13
4160.150  1.087e-13
4161.420  1.081e-13
4162.690  1.093e-13
4163.960  1.080e-13
4165.230  1.066e-13
4166.500  1.069e-13
4167.770  1.066e-13
4169.040  1.055e-13
4170.310  1.048e-13
4171.580  1.042e-13
4172.850  1.033e-13
4174.120  1.020e-13
4175.390  1.008e-13
4176.660  1.009e-13
4177.930  1.017e-13
4179.200  1.022e-13
4180.470  1.012e-13
4181.750  9.948e-14
4183.020  9.925e-14
4184.290  9.842e-14
4185.560  9.759e-14
4186.830  9.756e-14
4188.100  9.773e-14
4189.370  9.692e-14
4190.640  9.528e-14
4191.910  9.463e-14
4193.180  9.443e-14
4194.450  9.493e-14
4195.720  9.508e-14
4196.990  9.373e-14
4198.260  9.205e-14
4199.530  9.180e-14
4200.800  9.225e-14
4202.070  9.230e-14
4203.340  9.099e-14
4204.610  9.029e-14
4205.880  9.048e-14
4207.150  9.020e-14
4208.420  8.902e-14
4209.690  8.794e-14
4210.960  8.824e-14
4212.230  8.797e-14
4213.510  8.707e-14
4214.780  8.645e-14
4216.050  8.610e-14
4217.320  8.581e-14
4218.590  8.567e-14
4219.860  8.517e-14
4221.130  8.423e-14
4222.400  8.372e-14
4223.670  8.366e-14
4224.940  8.328e-14
4226.210  8.223e-14
4227.480  8.111e-14
4228.750  8.055e-14
4230.020  7.986e-14
4231.290  7.812e-14
4232.560  7.734e-14
4233.830  7.789e-14
4235.100  7.799e-14
4236.370  7.709e-14
4237.640  7.641e-14
4238.910  7.671e-14
4240.180  7.723e-14
4241.450  7.678e-14
4242.720  7.529e-14
4243.990  7.413e-14
4245.260  7.395e-14
4246.540  7.352e-14
4247.810  7.247e-14
4249.080  7.179e-14
4250.350  7.175e-14
4251.620  7.157e-14
4252.890  7.068e-14
4254.160  6.932e-14
4255.430  6.851e-14
4256.700  6.863e-14
4257.970  6.745e-14
4259.240  6.592e-14
4260.510  6.533e-14
4261.780  6.585e-14
4263.050  6.633e-14
4264.320  6.613e-14
4265.590  6.621e-14
4266.860  6.593e-14
4268.130  6.639e-14
4269.400  6.625e-14
4270.670  6.523e-14
4271.940  6.463e-14
4273.210  6.527e-14
4274.480  6.661e-14
4275.750  6.713e-14
4277.020  6.714e-14
4278.290  6.678e-14
4279.570  6.664e-14
4280.840  6.671e-14
4282.110  6.674e-14
4283.380  6.715e-14
4284.650  6.794e-14
4285.920  6.865e-14
4287.190  6.842e-14
4288.460  6.880e-14
4289.730  6.968e-14
4291.000  6.992e-14
4292.270  7.006e-14
4293.540  7.052e-14
4294.810  7.070e-14
4296.080  7.076e-14
4297.350  7.096e-14
4298.620  7.088e-14
4299.890  7.099e-14
4301.160  7.204e-14
4302.430  7.304e-14
4303.700  7.332e-14
4304.970  7.388e-14
4306.240  7.476e-14
4307.510  7.543e-14
4308.780  7.567e-14
4310.050  7.582e-14
4311.330  7.653e-14
4312.600  7.771e-14
4313.870  7.752e-14
4315.140  7.778e-14
4316.410  7.939e-14
4317.680  8.041e-14
4318.950  7.944e-14
4320.220  7.826e-14
4321.490  7.881e-14
4322.760  7.918e-14
4324.030  7.952e-14
4325.300  7.982e-14
4326.570  7.973e-14
4327.840  7.973e-14
4329.110  8.019e-14
4330.380  8.055e-14
4331.650  8.100e-14
4332.920  8.136e-14
4334.190  8.172e-14
4335.460  8.244e-14
4336.730  8.318e-14
4338.000  8.390e-14
4339.270  8.517e-14
4340.540  8.597e-14
4341.810  8.554e-14
4343.080  8.575e-14
4344.360  8.662e-14
4345.630  8.735e-14
4346.900  8.803e-14
4348.170  8.861e-14
4349.440  8.870e-14
4350.710  8.840e-14
4351.980  8.934e-14
4353.250  9.045e-14
4354.520  9.087e-14
4355.790  9.115e-14
4357.060  9.124e-14
4358.330  9.088e-14
4359.600  9.130e-14
4360.870  9.240e-14
4362.140  9.312e-14
4363.410  9.339e-14
4364.680  9.349e-14
4365.950  9.374e-14
4367.220  9.464e-14
4368.490  9.573e-14
4369.760  9.633e-14
4371.030  9.630e-14
4372.300  9.615e-14
4373.570  9.574e-14
4374.840  9.497e-14
4376.120  9.457e-14
4377.390  9.459e-14
4378.660  9.394e-14
4379.930  9.400e-14
4381.200  9.428e-14
4382.470  9.383e-14
4383.740  9.280e-14
4385.010  9.161e-14
4386.280  9.076e-14
4387.550  9.089e-14
4388.820  9.022e-14
4390.090  8.894e-14
4391.360  8.822e-14
4392.630  8.848e-14
4393.900  8.897e-14
4395.170  8.877e-14
4396.440  8.845e-14
4397.710  8.832e-14
4398.980  8.866e-14
4400.250  8.899e-14
4401.520  8.850e-14
4402.790  8.755e-14
4404.060  8.727e-14
4405.330  8.749e-14
4406.600  8.753e-14
4407.870  8.684e-14
4409.150  8.604e-14
4410.420  8.680e-14
4411.690  8.764e-14
4412.960  8.634e-14
4414.230  8.584e-14
4415.500  8.573e-14
4416.770  8.616e-14
4418.040  8.631e-14
4419.310  8.619e-14
4420.580  8.597e-14
4421.850  8.559e-14
4423.120  8.586e-14
4424.390  8.612e-14
4425.660  8.604e-14
4426.930  8.666e-14
4428.200  8.715e-14
4429.470  8.727e-14
4430.740  8.862e-14
4432.010  9.124e-14
4433.280  9.318e-14
4434.550  9.415e-14
4435.820  9.507e-14
4437.090  9.613e-14
4438.360  9.724e-14
4439.630  9.882e-14
4440.910  1.007e-13
4442.180  1.017e-13
4443.450  1.031e-13
4444.720  1.043e-13
4445.990  1.051e-13
4447.260  1.061e-13
4448.530  1.071e-13
4449.800  1.083e-13
4451.070  1.102e-13
4452.340  1.120e-13
4453.610  1.122e-13
4454.880  1.121e-13
4456.150  1.134e-13
4457.420  1.148e-13
4458.690  1.152e-13
4459.960  1.161e-13
4461.230  1.173e-13
4462.500  1.182e-13
4463.770  1.183e-13
4465.040  1.185e-13
4466.310  1.198e-13
4467.580  1.211e-13
4468.850  1.210e-13
4470.120  1.206e-13
4471.390  1.204e-13
4472.660  1.210e-13
4473.940  1.222e-13
4475.210  1.226e-13
4476.480  1.226e-13
4477.750  1.235e-13
4479.020  1.238e-13
4480.290  1.243e-13
4481.560  1.246e-13
4482.830  1.250e-13
4484.100  1.254e-13
4485.370  1.262e-13
4486.640  1.275e-13
4487.910  1.275e-13
4489.180  1.270e-13
4490.450  1.273e-13
4491.720  1.284e-13
4492.990  1.293e-13
4494.260  1.291e-13
4495.530  1.286e-13
4496.800  1.285e-13
4498.070  1.285e-13
4499.340  1.279e-13
4500.610  1.270e-13
4501.880  1.266e-13
4503.150  1.275e-13
4504.420  1.289e-13
4505.690  1.291e-13
4506.970  1.292e-13
4508.240  1.292e-13
4509.510  1.292e-13
4510.780  1.287e-13
4512.050  1.290e-13
4513.320  1.297e-13
4514.590  1.292e-13
4515.860  1.293e-13
4517.130  1.301e-13
4518.400  1.298e-13
4519.670  1.292e-13
4520.940  1.293e-13
4522.210  1.295e-13
4523.480  1.285e-13
4524.750  1.274e-13
4526.020  1.272e-13
4527.290  1.270e-13
4528.560  1.269e-13
4529.830  1.269e-13
4531.100  1.280e-13
4532.370  1.297e-13
4533.640  1.303e-13
4534.910  1.307e-13
4536.180  1.311e-13
4537.450  1.312e-13
4538.730  1.312e-13
4540.000  1.317e-13
4541.270  1.324e-13
4542.540  1.325e-13
4543.810  1.328e-13
4545.080  1.333e-13
4546.350  1.331e-13
4547.620  1.334e-13
4548.890  1.345e-13
4550.160  1.352e-13
4551.430  1.351e-13
4552.700  1.348e-13
4553.970  1.341e-13
4555.240  1.336e-13
4556.510  1.337e-13
4557.780  1.350e-13
4559.050  1.360e-13
4560.320  1.359e-13
4561.590  1.363e-13
4562.860  1.361e-13
4564.130  1.363e-13
4565.400  1.366e-13
4566.670  1.361e-13
4567.940  1.359e-13
4569.210  1.368e-13
4570.480  1.371e-13
4571.760  1.372e-13
4573.030  1.370e-13
4574.300  1.368e-13
4575.570  1.365e-13
4576.840  1.363e-13
4578.110  1.365e-13
4579.380  1.367e-13
4580.650  1.357e-13
4581.920  1.349e-13
4583.190  1.347e-13
4584.460  1.346e-13
4585.730  1.342e-13
4587.000  1.337e-13
4588.270  1.333e-13
4589.540  1.329e-13
4590.810  1.326e-13
4592.080  1.324e-13
4593.350  1.317e-13
4594.620  1.311e-13
4595.890  1.307e-13
4597.160  1.300e-13
4598.430  1.294e-13
4599.700  1.294e-13
4600.970  1.297e-13
4602.240  1.296e-13
4603.520  1.281e-13
4604.790  1.265e-13
4606.060  1.259e-13
4607.330  1.253e-13
4608.600  1.238e-13
4609.870  1.229e-13
4611.140  1.222e-13
4612.410  1.211e-13
4613.680  1.209e-13
4614.950  1.221e-13
4616.220  1.221e-13
4617.490  1.203e-13
4618.760  1.188e-13
4620.030  1.181e-13
4621.300  1.181e-13
4622.570  1.182e-13
4623.840  1.183e-13
4625.110  1.182e-13
4626.380  1.175e-13
4627.650  1.163e-13
4628.920  1.155e-13
4630.190  1.155e-13
4631.460  1.159e-13
4632.730  1.164e-13
4634.000  1.160e-13
4635.270  1.150e-13
4636.550  1.141e-13
4637.820  1.128e-13
4639.090  1.122e-13
4640.360  1.124e-13
4641.630  1.122e-13
4642.900  1.117e-13
4644.170  1.119e-13
4645.440  1.120e-13
4646.710  1.117e-13
4647.980  1.111e-13
4649.250  1.107e-13
4650.520  1.106e-13
4651.790  1.107e-13
4653.060  1.110e-13
4654.330  1.117e-13
4655.600  1.120e-13
4656.870  1.126e-13
4658.140  1.129e-13
4659.410  1.120e-13
4660.680  1.111e-13
4661.950  1.108e-13
4663.220  1.103e-13
4664.490  1.106e-13
4665.760  1.114e-13
4667.030  1.118e-13
4668.310  1.112e-13
4669.580  1.109e-13
4670.850  1.113e-13
4672.120  1.111e-13
4673.390  1.105e-13
4674.660  1.100e-13
4675.930  1.094e-13
4677.200  1.093e-13
4678.470  1.096e-13
4679.740  1.095e-13
4681.010  1.087e-13
4682.280  1.082e-13
4683.550  1.086e-13
4684.820  1.086e-13
4686.090  1.089e-13
4687.360  1.089e-13
4688.630  1.088e-13
4689.900  1.091e-13
4691.170  1.094e-13
4692.440  1.091e-13
4693.710  1.081e-13
4694.980  1.074e-13
4696.250  1.072e-13
4697.520  1.069e-13
4698.790  1.064e-13
4700.060  1.061e-13
4701.340  1.060e-13
4702.610  1.056e-13
4703.880  1.050e-13
4705.150  1.050e-13
4706.420  1.052e-13
4707.690  1.049e-13
4708.960  1.042e-13
4710.230  1.039e-13
4711.500  1.036e-13
4712.770  1.031e-13
4714.040  1.029e-13
4715.310  1.019e-13
4716.580  1.004e-13
4717.850  1.001e-13
4719.120  1.006e-13
4720.390  1.009e-13
4721.660  1.004e-13
4722.930  1.003e-13
4724.200  1.005e-13
4725.470  1.004e-13
4726.740  9.988e-14
4728.010  9.975e-14
4729.280  1.001e-13
4730.550  1.016e-13
4731.820  1.026e-13
4733.090  1.026e-13
4734.370  1.023e-13
4735.640  1.027e-13
4736.910  1.039e-13
4738.180  1.043e-13
4739.450  1.049e-13
4740.720  1.057e-13
4741.990  1.059e-13
4743.260  1.059e-13
4744.530  1.066e-13
4745.800  1.073e-13
4747.070  1.072e-13
4748.340  1.074e-13
4749.610  1.077e-13
4750.880  1.076e-13
4752.150  1.073e-13
4753.420  1.073e-13
4754.690  1.078e-13
4755.960  1.084e-13
4757.230  1.082e-13
4758.500  1.075e-13
4759.770  1.072e-13
4761.040  1.073e-13
4762.310  1.075e-13
4763.580  1.078e-13
4764.850  1.083e-13
4766.130  1.084e-13
4767.400  1.077e-13
4768.670  1.068e-13
4769.940  1.067e-13
4771.210  1.075e-13
4772.480  1.076e-13
4773.750  1.067e-13
4775.020  1.060e-13
4776.290  1.057e-13
4777.560  1.058e-13
4778.830  1.056e-13
4780.100  1.052e-13
4781.370  1.048e-13
4782.640  1.046e-13
4783.910  1.042e-13
4785.180  1.038e-13
4786.450  1.031e-13
4787.720  1.025e-13
4788.990  1.023e-13
4790.260  1.018e-13
4791.530  1.006e-13
4792.800  9.956e-14
4794.070  9.997e-14
4795.340  1.003e-13
4796.610  9.953e-14
4797.880  9.811e-14
4799.160  9.707e-14
4800.430  9.668e-14
4801.700  9.629e-14
4802.970  9.571e-14
4804.240  9.469e-14
4805.510  9.343e-14
4806.780  9.306e-14
4808.050  9.318e-14
4809.320  9.274e-14
4810.590  9.199e-14
4811.860  9.158e-14
4813.130  9.097e-14
4814.400  9.052e-14
4815.670  8.981e-14
4816.940  8.963e-14
4818.210  8.954e-14
4819.480  8.864e-14
4820.750  8.811e-14
4822.020  8.889e-14
4823.290  8.906e-14
4824.560  8.856e-14
4825.830  8.811e-14
4827.100  8.800e-14
4828.370  8.810e-14
4829.640  8.821e-14
4830.920  8.829e-14
4832.190  8.864e-14
4833.460  8.877e-14
4834.730  8.844e-14
4836.000  8.856e-14
4837.270  8.896e-14
4838.540  8.891e-14
4839.810  8.933e-14
4841.080  9.046e-14
4842.350  9.064e-14
4843.620  9.034e-14
4844.890  9.060e-14
4846.160  9.141e-14
4847.430  9.203e-14
4848.700  9.228e-14
4849.970  9.294e-14
4851.240  9.393e-14
4852.510  9.423e-14
4853.780  9.420e-14
4855.050  9.463e-14
4856.320  9.534e-14
4857.590  9.576e-14
4858.860  9.594e-14
4860.130  9.640e-14
4861.400  9.770e-14
4862.670  9.890e-14
4863.950  9.906e-14
4865.220  9.898e-14
4866.490  9.950e-14
4867.760  9.996e-14
4869.030  1.007e-13
4870.300  1.009e-13
4871.570  1.010e-13
4872.840  1.010e-13
4874.110  1.007e-13
4875.380  1.001e-13
4876.650  1.001e-13
4877.920  1.009e-13
4879.190  1.009e-13
4880.460  1.003e-13
4881.730  1.002e-13
4883.000  1.006e-13
4884.270  1.011e-13
4885.540  1.015e-13
4886.810  1.016e-13
4888.080  1.013e-13
4889.350  1.014e-13
4890.620  1.020e-13
4891.890  1.025e-13
4893.160  1.026e-13
4894.430  1.025e-13
4895.700  1.029e-13
4896.980  1.035e-13
4898.250  1.042e-13
4899.520  1.040e-13
4900.790  1.033e-13
4902.060  1.029e-13
4903.330  1.031e-13
4904.600  1.039e-13
4905.870  1.046e-13
4907.140  1.052e-13
4908.410  1.051e-13
4909.680  1.044e-13
4910.950  1.043e-13
4912.220  1.053e-13
4913.490  1.059e-13
4914.760  1.050e-13
4916.030  1.044e-13
4917.300  1.043e-13
4918.570  1.045e-13
4919.840  1.050e-13
4921.110  1.056e-13
4922.380  1.056e-13
4923.650  1.055e-13
4924.920  1.052e-13
4926.190  1.055e-13
4927.460  1.065e-13
4928.740  1.072e-13
4930.010  1.070e-13
4931.280  1.065e-13
4932.550  1.062e-13
4933.820  1.067e-13
4935.090  1.071e-13
4936.360  1.074e-13
4937.630  1.075e-13
4938.900  1.074e-13
4940.170  1.077e-13
4941.440  1.081e-13
4942.710  1.079e-13
4943.980  1.076e-13
4945.250  1.084e-13
4946.520  1.091e-13
4947.790  1.092e-13
4949.060  1.096e-13
4950.330  1.103e-13
4951.600  1.110e-13
4952.870  1.113e-13
4954.140  1.113e-13
4955.410  1.118e-13
4956.680  1.126e-13
4957.950  1.129e-13
4959.220  1.127e-13
4960.490  1.132e-13
4961.770  1.138e-13
4963.040  1.141e-13
4964.310  1.137e-13
4965.580  1.134e-13
4966.850  1.138e-13
4968.120  1.147e-13
4969.390  1.158e-13
4970.660  1.164e-13
4971.930  1.166e-13
4973.200  1.166e-13
4974.470  1.168e-13
4975.740  1.176e-13
4977.010  1.187e-13
4978.280  1.195e-13
4979.550  1.196e-13
4980.820  1.197e-13
4982.090  1.204e-13
4983.360  1.212e-13
4984.630  1.219e-13
4985.900  1.223e-13
4987.170  1.224e-13
4988.440  1.235e-13
4989.710  1.253e-13
4990.980  1.263e-13
4992.250  1.265e-13
4993.530  1.269e-13
4994.800  1.280e-13
4996.070  1.291e-13
4997.340  1.295e-13
4998.610  1.298e-13
4999.880  1.317e-13
5001.150  1.339e-13
5002.420  1.345e-13
5003.690  1.344e-13
5004.960  1.350e-13
5006.230  1.356e-13
5007.500  1.365e-13
5008.770  1.382e-13
5010.040  1.396e-13
5011.310  1.401e-13
5012.580  1.406e-13
5013.850  1.415e-13
5015.120  1.421e-13
5016.390  1.426e-13
5017.660  1.437e-13
5018.930  1.445e-13
5020.200  1.452e-13
5021.470  1.461e-13
5022.740  1.467e-13
5024.010  1.474e-13
5025.280  1.487e-13
5026.560  1.497e-13
5027.830  1.510e-13
5029.100  1.526e-13
5030.370  1.537e-13
5031.640  1.549e-13
5032.910  1.559e-13
5034.180  1.561e-13
5035.450  1.568e-13
5036.720  1.582e-13
5037.990  1.582e-13
5039.260  1.582e-13
5040.530  1.595e-13
5041.800  1.608e-13
5043.070  1.616e-13
5044.340  1.629e-13
5045.610  1.640e-13
5046.880  1.646e-13
5048.150  1.645e-13
5049.420  1.643e-13
5050.690  1.647e-13
5051.960  1.649e-13
5053.230  1.650e-13
5054.500  1.663e-13
5055.770  1.681e-13
5057.040  1.690e-13
5058.320  1.694e-13
5059.590  1.701e-13
5060.860  1.713e-13
5062.130  1.728e-13
5063.400  1.742e-13
5064.670  1.751e-13
5065.940  1.759e-13
5067.210  1.768e-13
5068.480  1.780e-13
5069.750  1.794e-13
5071.020  1.803e-13
5072.290  1.807e-13
5073.560  1.818e-13
5074.830  1.823e-13
5076.100  1.826e-13
5077.370  1.832e-13
5078.640  1.842e-13
5079.910  1.854e-13
5081.180  1.861e-13
5082.450  1.861e-13
5083.720  1.870e-13
5084.990  1.871e-13
5086.260  1.871e-13
5087.530  1.882e-13
5088.800  1.890e-13
5090.070  1.890e-13
5091.350  1.896e-13
5092.620  1.899e-13
5093.890  1.901e-13
5095.160  1.901e-13
5096.430  1.897e-13
5097.700  1.901e-13
5098.970  1.908e-13
5100.240  1.897e-13
5101.510  1.889e-13
5102.780  1.892e-13
5104.050  1.893e-13
5105.320  1.895e-13
5106.590  1.903e-13
5107.860  1.906e-13
5109.130  1.902e-13
5110.400  1.904e-13
5111.670  1.905e-13
5112.940  1.907e-13
5114.210  1.917e-13
5115.480  1.926e-13
5116.750  1.928e-13
5118.020  1.926e-13
5119.290  1.928e-13
5120.560  1.930e-13
5121.830  1.934e-13
5123.100  1.944e-13
5124.380  1.947e-13
5125.650  1.941e-13
5126.920  1.945e-13
5128.190  1.949e-13
5129.460  1.955e-13
5130.730  1.958e-13
5132.000  1.958e-13
5133.270  1.962e-13
5134.540  1.965e-13
5135.810  1.965e-13
5137.080  1.972e-13
5138.350  1.975e-13
5139.620  1.977e-13
5140.890  1.986e-13
5142.160  1.993e-13
5143.430  1.993e-13
5144.700  1.996e-13
5145.970  2.003e-13
5147.240  2.016e-13
5148.510  2.023e-13
5149.780  2.023e-13
5151.050  2.026e-13
5152.320  2.032e-13
5153.590  2.033e-13
5154.860  2.033e-13
5156.140  2.044e-13
5157.410  2.057e-13
5158.680  2.058e-13
5159.950  2.058e-13
5161.220  2.062e-13
5162.490  2.066e-13
5163.760  2.068e-13
5165.030  2.070e-13
5166.300  2.067e-13
5167.570  2.070e-13
5168.840  2.076e-13
5170.110  2.076e-13
5171.380  2.073e-13
5172.650  2.070e-13
5173.920  2.065e-13
5175.190  2.068e-13
5176.460  2.072e-13
5177.730  2.069e-13
5179.000  2.059e-13
5180.270  2.044e-13
5181.540  2.031e-13
5182.810  2.021e-13
5184.080  2.011e-13
5185.350  2.001e-13
5186.620  1.991e-13
5187.890  1.983e-13
5189.170  1.973e-13
5190.440  1.959e-13
5191.710  1.946e-13
5192.980  1.931e-13
5194.250  1.904e-13
5195.520  1.876e-13
5196.790  1.865e-13
5198.060  1.855e-13
5199.330  1.836e-13
5200.600  1.823e-13
5201.870  1.817e-13
5203.140  1.812e-13
5204.410  1.798e-13
5205.680  1.782e-13
5206.950  1.768e-13
5208.220  1.750e-13
5209.490  1.731e-13
5210.760  1.717e-13
5212.030  1.703e-13
5213.300  1.679e-13
5214.570  1.658e-13
5215.840  1.639e-13
5217.110  1.620e-13
5218.380  1.615e-13
5219.650  1.620e-13
5220.930  1.615e-13
5222.200  1.602e-13
5223.470  1.588e-13
5224.740  1.580e-13
5226.010  1.572e-13
5227.280  1.565e-13
5228.550  1.564e-13
5229.820  1.556e-13
5231.090  1.538e-13
5232.360  1.521e-13
5233.630  1.515e-13
5234.900  1.514e-13
5236.170  1.512e-13
5237.440  1.512e-13
5238.710  1.508e-13
5239.980  1.504e-13
5241.250  1.499e-13
5242.520  1.492e-13
5243.790  1.485e-13
5245.060  1.481e-13
5246.330  1.481e-13
5247.600  1.480e-13
5248.870  1.480e-13
5250.140  1.480e-13
5251.410  1.487e-13
5252.680  1.493e-13
5253.960  1.491e-13
5255.230  1.490e-13
5256.500  1.495e-13
5257.770  1.496e-13
5259.040  1.497e-13
5260.310  1.501e-13
5261.580  1.501e-13
5262.850  1.502e-13
5264.120  1.507e-13
5265.390  1.508e-13
5266.660  1.505e-13
5267.930  1.515e-13
5269.200  1.526e-13
5270.470  1.524e-13
5271.740  1.520e-13
5273.010  1.523e-13
5274.280  1.528e-13
5275.550  1.533e-13
5276.820  1.541e-13
5278.090  1.550e-13
5279.360  1.561e-13
5280.630  1.568e-13
5281.900  1.577e-13
5283.170  1.588e-13
5284.440  1.590e-13
5285.720  1.588e-13
5286.990  1.589e-13
5288.260  1.596e-13
5289.530  1.606e-13
5290.800  1.616e-13
5292.070  1.624e-13
5293.340  1.627e-13
5294.610  1.622e-13
5295.880  1.626e-13
5297.150  1.635e-13
5298.420  1.643e-13
5299.690  1.654e-13
5300.960  1.667e-13
5302.230  1.673e-13
5303.500  1.675e-13
5304.770  1.684e-13
5306.040  1.682e-13
5307.310  1.681e-13
5308.580  1.685e-13
5309.850  1.697e-13
5311.120  1.713e-13
5312.390  1.724e-13
5313.660  1.727e-13
5314.930  1.727e-13
5316.200  1.733e-13
5317.470  1.741e-13
5318.750  1.748e-13
5320.020  1.758e-13
5321.290  1.768e-13
5322.560  1.770e-13
5323.830  1.770e-13
5325.100  1.777e-13
5326.370  1.790e-13
5327.640  1.801e-13
5328.910  1.809e-13
5330.180  1.819e-13
5331.450  1.829e-13
5332.720  1.834e-13
5333.990  1.842e-13
5335.260  1.847e-13
5336.530  1.853e-13
5337.800  1.865e-13
5339.070  1.871e-13
5340.340  1.863e-13
5341.610  1.868e-13
5342.880  1.874e-13
5344.150  1.881e-13
5345.420  1.889e-13
5346.690  1.893e-13
5347.960  1.891e-13
5349.230  1.888e-13
5350.500  1.901e-13
5351.780  1.910e-13
5353.050  1.904e-13
5354.320  1.904e-13
5355.590  1.907e-13
5356.860  1.903e-13
5358.130  1.900e-13
5359.400  1.898e-13
5360.670  1.891e-13
5361.940  1.889e-13
5363.210  1.887e-13
5364.480  1.888e-13
5365.750  1.890e-13
5367.020  1.886e-13
5368.290  1.879e-13
5369.560  1.874e-13
5370.830  1.868e-13
5372.100  1.863e-13
5373.370  1.857e-13
5374.640  1.850e-13
5375.910  1.844e-13
5377.180  1.838e-13
5378.450  1.827e-13
5379.720  1.818e-13
5380.990  1.816e-13
5382.260  1.815e-13
5383.540  1.812e-13
5384.810  1.809e-13
5386.080  1.805e-13
5387.350  1.795e-13
5388.620  1.789e-13
5389.890  1.778e-13
5391.160  1.768e-13
5392.430  1.761e-13
5393.700  1.756e-13
5394.970  1.747e-13
5396.240  1.729e-13
5397.510  1.718e-13
5398.780  1.718e-13
5400.050  1.713e-13
5401.320  1.701e-13
5402.590  1.693e-13
5403.860  1.689e-13
5405.130  1.683e-13
5406.400  1.679e-13
5407.670  1.671e-13
5408.940  1.659e-13
5410.210  1.646e-13
5411.480  1.638e-13
5412.750  1.635e-13
5414.020  1.631e-13
5415.290  1.626e-13
5416.570  1.622e-13
5417.840  1.615e-13
5419.110  1.611e-13
5420.380  1.614e-13
5421.650  1.616e-13
5422.920  1.616e-13
5424.190  1.614e-13
5425.460  1.620e-13
5426.730  1.624e-13
5428.000  1.621e-13
5429.270  1.623e-13
5430.540  1.632e-13
5431.810  1.640e-13
5433.080  1.642e-13
5434.350  1.637e-13
5435.620  1.637e-13
5436.890  1.643e-13
5438.160  1.646e-13
5439.430  1.650e-13
5440.700  1.659e-13
5441.970  1.663e-13
5443.240  1.660e-13
5444.510  1.662e-13
5445.780  1.669e-13
5447.050  1.676e-13
5448.330  1.687e-13
5449.600  1.702e-13
5450.870  1.715e-13
5452.140  1.727e-13
5453.410  1.736e-13
5454.680  1.747e-13
5455.950  1.768e-13
5457.220  1.791e-13
5458.490  1.805e-13
5459.760  1.818e-13
5461.030  1.843e-13
5462.300  1.865e-13
5463.570  1.878e-13
5464.840  1.896e-13
5466.110  1.918e-13
5467.380  1.931e-13
5468.650  1.943e-13
5469.920  1.962e-13
5471.190  1.984e-13
5472.460  2.004e-13
5473.730  2.017e-13
5475.000  2.032e-13
5476.270  2.053e-13
5477.540  2.069e-13
5478.810  2.077e-13
5480.080  2.084e-13
5481.360  2.097e-13
5482.630  2.118e-13
5483.900  2.133e-13
5485.170  2.140e-13
5486.440  2.150e-13
5487.710  2.163e-13
5488.980  2.173e-13
5490.250  2.189e-13
5491.520  2.206e-13
5492.790  2.213e-13
5494.060  2.220e-13
5495.330  2.240e-13
5496.600  2.267e-13
5497.870  2.290e-13
5499.140  2.312e-13
5500.410  2.325e-13
5501.680  2.333e-13
5502.950  2.346e-13
5504.220  2.355e-13
5505.490  2.352e-13
5506.760  2.354e-13
5508.030  2.372e-13
5509.300  2.388e-13
5510.570  2.393e-13
5511.840  2.397e-13
5513.120  2.411e-13
5514.390  2.431e-13
5515.660  2.443e-13
5516.930  2.444e-13
5518.200  2.444e-13
5519.470  2.447e-13
5520.740  2.450e-13
5522.010  2.455e-13
5523.280  2.455e-13
5524.550  2.439e-13
5525.820  2.420e-13
5527.090  2.418e-13
5528.360  2.426e-13
5529.630  2.430e-13
5530.900  2.424e-13
5532.170  2.415e-13
5533.440  2.408e-13
5534.710  2.400e-13
5535.980  2.387e-13
5537.250  2.379e-13
5538.520  2.374e-13
5539.790  2.362e-13
5541.060  2.344e-13
5542.330  2.341e-13
5543.600  2.351e-13
5544.870  2.347e-13
5546.150  2.344e-13
5547.420  2.353e-13
5548.690  2.357e-13
5549.960  2.358e-13
5551.230  2.366e-13
5552.500  2.372e-13
5553.770  2.376e-13
5555.040  2.383e-13
5556.310  2.383e-13
5557.580  2.385e-13
5558.850  2.392e-13
5560.120  2.402e-13
5561.390  2.410e-13
5562.660  2.412e-13
5563.930  2.419e-13
5565.200  2.438e-13
5566.470  2.453e-13
5567.740  2.457e-13
5569.010  2.462e-13
5570.280  2.472e-13
5571.550  2.476e-13
5572.820  2.477e-13
5574.090  2.487e-13
5575.360  2.496e-13
5576.630  2.500e-13
5577.900  2.504e-13
5579.180  2.511e-13
5580.450  2.522e-13
5581.720  2.529e-13
5582.990  2.534e-13
5584.260  2.541e-13
5585.530  2.542e-13
5586.800  2.538e-13
5588.070  2.541e-13
5589.340  2.550e-13
5590.610  2.565e-13
5591.880  2.582e-13
5593.150  2.574e-13
5594.420  2.568e-13
5595.690  2.576e-13
5596.960  2.585e-13
5598.230  2.584e-13
5599.500  2.582e-13
5600.770  2.585e-13
5602.040  2.598e-13
5603.310  2.603e-13
5604.580  2.594e-13
5605.850  2.587e-13
5607.120  2.590e-13
5608.390  2.592e-13
5609.660  2.595e-13
5610.940  2.598e-13
5612.210  2.604e-13
5613.480  2.606e-13
5614.750  2.604e-13
5616.020  2.606e-13
5617.290  2.612e-13
5618.560  2.608e-13
5619.830  2.607e-13
5621.100  2.608e-13
5622.370  2.607e-13
5623.640  2.616e-13
5624.910  2.624e-13
5626.180  2.617e-13
5627.450  2.618e-13
5628.720  2.629e-13
5629.990  2.628e-13
5631.260  2.619e-13
5632.530  2.607e-13
5633.800  2.603e-13
5635.070  2.608e-13
5636.340  2.611e-13
5637.610  2.610e-13
5638.880  2.604e-13
5640.150  2.606e-13
5641.420  2.618e-13
5642.690  2.622e-13
5643.970  2.616e-13
5645.240  2.616e-13
5646.510  2.619e-13
5647.780  2.616e-13
5649.050  2.616e-13
5650.320  2.618e-13
5651.590  2.619e-13
5652.860  2.616e-13
5654.130  2.606e-13
5655.400  2.593e-13
5656.670  2.592e-13
5657.940  2.608e-13
5659.210  2.610e-13
5660.480  2.597e-13
5661.750  2.589e-13
5663.020  2.587e-13
5664.290  2.586e-13
5665.560  2.587e-13
5666.830  2.577e-13
5668.100  2.570e-13
5669.370  2.565e-13
5670.640  2.558e-13
5671.910  2.549e-13
5673.180  2.537e-13
5674.450  2.525e-13
5675.730  2.523e-13
5677.000  2.524e-13
5678.270  2.521e-13
5679.540  2.514e-13
5680.810  2.510e-13
5682.080  2.511e-13
5683.350  2.513e-13
5684.620  2.502e-13
5685.890  2.483e-13
5687.160  2.477e-13
5688.430  2.481e-13
5689.700  2.477e-13
5690.970  2.466e-13
5692.240  2.461e-13
5693.510  2.451e-13
5694.780  2.443e-13
5696.050  2.440e-13
5697.320  2.436e-13
5698.590  2.434e-13
5699.860  2.435e-13
5701.130  2.428e-13
5702.400  2.420e-13
5703.670  2.414e-13
5704.940  2.400e-13
5706.210  2.380e-13
5707.480  2.372e-13
5708.760  2.371e-13
5710.030  2.362e-13
5711.300  2.351e-13
5712.570  2.353e-13
5713.840  2.364e-13
5715.110  2.375e-13
5716.380  2.377e-13
5717.650  2.375e-13
5718.920  2.374e-13
5720.190  2.371e-13
5721.460  2.363e-13
5722.730  2.355e-13
5724.000  2.355e-13
5725.270  2.356e-13
5726.540  2.356e-13
5727.810  2.357e-13
5729.080  2.352e-13
5730.350  2.344e-13
5731.620  2.336e-13
5732.890  2.337e-13
5734.160  2.338e-13
5735.430  2.330e-13
5736.700  2.322e-13
5737.970  2.318e-13
5739.240  2.320e-13
5740.520  2.326e-13
5741.790  2.328e-13
5743.060  2.321e-13
5744.330  2.315e-13
5745.600  2.313e-13
5746.870  2.312e-13
5748.140  2.310e-13
5749.410  2.310e-13
5750.680  2.316e-13
5751.950  2.321e-13
5753.220  2.325e-13
5754.490  2.330e-13
5755.760  2.333e-13
5757.030  2.334e-13
5758.300  2.338e-13
5759.570  2.339e-13
5760.840  2.334e-13
5762.110  2.334e-13
5763.380  2.340e-13
5764.650  2.342e-13
5765.920  2.340e-13
5767.190  2.341e-13
5768.460  2.337e-13
5769.730  2.333e-13
5771.000  2.332e-13
5772.270  2.331e-13
5773.550  2.327e-13
5774.820  2.321e-13
5776.090  2.315e-13
5777.360  2.302e-13
5778.630  2.280e-13
5779.900  2.261e-13
5781.170  2.250e-13
5782.440  2.243e-13
5783.710  2.243e-13
5784.980  2.253e-13
5786.250  2.270e-13
5787.520  2.299e-13
5788.790  2.341e-13
5790.060  2.370e-13
5791.330  2.379e-13
5792.600  2.376e-13
5793.870  2.368e-13
5795.140  2.351e-13
5796.410  2.339e-13
5797.680  2.332e-13
5798.950  2.332e-13
5800.220  2.339e-13
5801.490  2.349e-13
5802.760  2.360e-13
5804.030  2.378e-13
5805.300  2.399e-13
5806.580  2.411e-13
5807.850  2.415e-13
5809.120  2.415e-13
5810.390  2.412e-13
5811.660  2.409e-13
5812.930  2.404e-13
5814.200  2.404e-13
5815.470  2.415e-13
5816.740  2.423e-13
5818.010  2.428e-13
5819.280  2.440e-13
5820.550  2.446e-13
5821.820  2.438e-13
5823.090  2.432e-13
5824.360  2.435e-13
5825.630  2.432e-13
5826.900  2.430e-13
5828.170  2.436e-13
5829.440  2.437e-13
5830.710  2.426e-13
5831.980  2.422e-13
5833.250  2.424e-13
5834.520  2.428e-13
5835.790  2.433e-13
5837.060  2.437e-13
5838.340  2.438e-13
5839.610  2.435e-13
5840.880  2.428e-13
5842.150  2.421e-13
5843.420  2.411e-13
5844.690  2.409e-13
5845.960  2.414e-13
5847.230  2.414e-13
5848.500  2.408e-13
5849.770  2.407e-13
5851.040  2.417e-13
5852.310  2.419e-13
5853.580  2.422e-13
5854.850  2.433e-13
5856.120  2.442e-13
5857.390  2.451e-13
5858.660  2.463e-13
5859.930  2.461e-13
5861.200  2.462e-13
5862.470  2.471e-13
5863.740  2.471e-13
5865.010  2.466e-13
5866.280  2.466e-13
5867.550  2.470e-13
5868.820  2.471e-13
5870.090  2.473e-13
5871.370  2.476e-13
5872.640  2.482e-13
5873.910  2.487e-13
5875.180  2.488e-13
5876.450  2.488e-13
5877.720  2.491e-13
5878.990  2.497e-13
5880.260  2.500e-13
5881.530  2.501e-13
5882.800  2.494e-13
5884.070  2.475e-13
5885.340  2.428e-13
5886.610  2.312e-13
5887.880  2.132e-13
5889.150  1.949e-13
5890.420  1.790e-13
5891.690  1.624e-13
5892.960  1.443e-13
5894.230  1.299e-13
5895.500  1.259e-13
5896.770  1.347e-13
5898.040  1.508e-13
5899.310  1.650e-13
5900.580  1.759e-13
5901.850  1.904e-13
5903.130  2.115e-13
5904.400  2.320e-13
5905.670  2.440e-13
5906.940  2.485e-13
5908.210  2.499e-13
5909.480  2.492e-13
5910.750  2.482e-13
5912.020  2.482e-13
5913.290  2.488e-13
5914.560  2.486e-13
5915.830  2.476e-13
5917.100  2.466e-13
5918.370  2.472e-13
5919.640  2.475e-13
5920.910  2.466e-13
5922.180  2.461e-13
5923.450  2.466e-13
5924.720  2.467e-13
5925.990  2.463e-13
5927.260  2.459e-13
5928.530  2.454e-13
5929.800  2.450e-13
5931.070  2.446e-13
5932.340  2.438e-13
5933.610  2.426e-13
5934.880  2.427e-13
5936.160  2.435e-13
5937.430  2.437e-13
5938.700  2.424e-13
5939.970  2.413e-13
5941.240  2.411e-13
5942.510  2.397e-13
5943.780  2.379e-13
5945.050  2.368e-13
5946.320  2.369e-13
5947.590  2.369e-13
5948.860  2.355e-13
5950.130  2.342e-13
5951.400  2.341e-13
5952.670  2.335e-13
5953.940  2.319e-13
5955.210  2.306e-13
5956.480  2.298e-13
5957.750  2.290e-13
5959.020  2.280e-13
5960.290  2.268e-13
5961.560  2.259e-13
5962.830  2.252e-13
5964.100  2.242e-13
5965.370  2.233e-13
5966.640  2.226e-13
5967.920  2.222e-13
5969.190  2.214e-13
5970.460  2.197e-13
5971.730  2.182e-13
5973.000  2.169e-13
5974.270  2.157e-13
5975.540  2.152e-13
5976.810  2.147e-13
5978.080  2.133e-13
5979.350  2.119e-13
5980.620  2.109e-13
5981.890  2.098e-13
5983.160  2.088e-13
5984.430  2.076e-13
5985.700  2.064e-13
5986.970  2.054e-13
5988.240  2.046e-13
5989.510  2.036e-13
5990.780  2.021e-13
5992.050  1.999e-13
5993.320  1.983e-13
5994.590  1.976e-13
5995.860  1.967e-13
5997.130  1.953e-13
5998.400  1.939e-13
5999.670  1.924e-13
6000.950  1.921e-13
6002.220  1.907e-13
6003.490  1.890e-13
6004.760  1.875e-13
6006.030  1.855e-13
6007.300  1.834e-13
6008.570  1.812e-13
6009.840  1.790e-13
6011.110  1.777e-13
6012.380  1.763e-13
6013.650  1.742e-13
6014.920  1.724e-13
6016.190  1.707e-13
6017.460  1.686e-13
6018.730  1.668e-13
6020.000  1.653e-13
6021.270  1.632e-13
6022.540  1.605e-13
6023.810  1.586e-13
6025.080  1.574e-13
6026.350  1.553e-13
6027.620  1.527e-13
6028.890  1.504e-13
6030.160  1.483e-13
6031.430  1.463e-13
6032.700  1.445e-13
6033.980  1.423e-13
6035.250  1.398e-13
6036.520  1.379e-13
6037.790  1.361e-13
6039.060  1.338e-13
6040.330  1.317e-13
6041.600  1.301e-13
6042.870  1.288e-13
6044.140  1.272e-13
6045.410  1.257e-13
6046.680  1.241e-13
6047.950  1.222e-13
6049.220  1.206e-13
6050.490  1.193e-13
6051.760  1.184e-13
6053.030  1.169e-13
6054.300  1.153e-13
6055.570  1.138e-13
6056.840  1.123e-13
6058.110  1.110e-13
6059.380  1.101e-13
6060.650  1.090e-13
6061.920  1.073e-13
6063.190  1.060e-13
6064.460  1.053e-13
6065.740  1.042e-13
6067.010  1.030e-13
6068.280  1.016e-13
6069.550  1.002e-13
6070.820  9.907e-14
6072.090  9.824e-14
6073.360  9.770e-14
6074.630  9.701e-14
6075.900  9.599e-14
6077.170  9.535e-14
6078.440  9.462e-14
6079.710  9.365e-14
6080.980  9.298e-14
6082.250  9.253e-14
6083.520  9.184e-14
6084.790  9.143e-14
6086.060  9.132e-14
6087.330  9.115e-14
6088.600  9.055e-14
6089.870  9.021e-14
6091.140  9.015e-14
6092.410  9.017e-14
6093.680  9.034e-14
6094.950  9.031e-14
6096.220  9.041e-14
6097.490  9.039e-14
6098.770  9.014e-14
6100.040  8.974e-14
6101.310  9.009e-14
6102.580  9.044e-14
6103.850  9.024e-14
6105.120  9.017e-14
6106.390  9.083e-14
6107.660  9.113e-14
6108.930  9.113e-14
6110.200  9.128e-14
6111.470  9.110e-14
6112.740  9.117e-14
6114.010  9.194e-14
6115.280  9.236e-14
6116.550  9.284e-14
6117.820  9.399e-14
6119.090  9.429e-14
6120.360  9.517e-14
6121.630  9.669e-14
6122.900  9.709e-14
6124.170  9.739e-14
6125.440  9.848e-14
6126.710  9.928e-14
6127.980  1.006e-13
6129.250  1.013e-13
6130.530  1.021e-13
6131.800  1.033e-13
6133.070  1.048e-13
6134.340  1.061e-13
6135.610  1.072e-13
6136.880  1.082e-13
6138.150  1.096e-13
6139.420  1.108e-13
6140.690  1.119e-13
6141.960  1.136e-13
6143.230  1.153e-13
6144.500  1.167e-13
6145.770  1.176e-13
6147.040  1.192e-13
6148.310  1.217e-13
6149.580  1.228e-13
6150.850  1.240e-13
6152.120  1.261e-13
6153.390  1.279e-13
6154.660  1.297e-13
6155.930  1.315e-13
6157.200  1.327e-13
6158.470  1.339e-13
6159.740  1.354e-13
6161.010  1.373e-13
6162.280  1.391e-13
6163.560  1.400e-13
6164.830  1.407e-13
6166.100  1.422e-13
6167.370  1.439e-13
6168.640  1.451e-13
6169.910  1.461e-13
6171.180  1.478e-13
6172.450  1.496e-13
6173.720  1.511e-13
6174.990  1.532e-13
6176.260  1.548e-13
6177.530  1.557e-13
6178.800  1.564e-13
6180.070  1.577e-13
6181.340  1.597e-13
6182.610  1.622e-13
6183.880  1.640e-13
6185.150  1.656e-13
6186.420  1.669e-13
6187.690  1.678e-13
6188.960  1.694e-13
6190.230  1.715e-13
6191.500  1.730e-13
6192.770  1.737e-13
6194.040  1.745e-13
6195.320  1.755e-13
6196.590  1.760e-13
6197.860  1.767e-13
6199.130  1.782e-13
6200.400  1.797e-13
6201.670  1.809e-13
6202.940  1.809e-13
6204.210  1.805e-13
6205.480  1.810e-13
6206.750  1.825e-13
6208.020  1.841e-13
6209.290  1.861e-13
6210.560  1.885e-13
6211.830  1.900e-13
6213.100  1.909e-13
6214.370  1.921e-13
6215.640  1.937e-13
6216.910  1.948e-13
6218.180  1.961e-13
6219.450  1.981e-13
6220.720  1.983e-13
6221.990  1.978e-13
6223.260  1.989e-13
6224.530  2.002e-13
6225.800  2.008e-13
6227.070  2.006e-13
6228.350  2.014e-13
6229.620  2.026e-13
6230.890  2.036e-13
6232.160  2.044e-13
6233.430  2.056e-13
6234.700  2.073e-13
6235.970  2.079e-13
6237.240  2.084e-13
6238.510  2.097e-13
6239.780  2.106e-13
6241.050  2.113e-13
6242.320  2.119e-13
6243.590  2.126e-13
6244.860  2.139e-13
6246.130  2.148e-13
6247.400  2.156e-13
6248.670  2.159e-13
6249.940  2.160e-13
6251.210  2.172e-13
6252.480  2.181e-13
6253.750  2.188e-13
6255.020  2.198e-13
6256.290  2.203e-13
6257.560  2.214e-13
6258.830  2.222e-13
6260.100  2.235e-13
6261.380  2.243e-13
6262.650  2.238e-13
6263.920  2.235e-13
6265.190  2.239e-13
6266.460  2.249e-13
6267.730  2.251e-13
6269.000  2.241e-13
6270.270  2.241e-13
6271.540  2.237e-13
6272.810  2.224e-13
6274.080  2.214e-13
6275.350  2.211e-13
6276.620  2.199e-13
6277.890  2.177e-13
6279.160  2.153e-13
6280.430  2.137e-13
6281.700  2.137e-13
6282.970  2.132e-13
6284.240  2.118e-13
6285.510  2.108e-13
6286.780  2.104e-13
6288.050  2.102e-13
6289.320  2.129e-13
6290.590  2.179e-13
6291.860  2.230e-13
6293.140  2.264e-13
6294.410  2.281e-13
6295.680  2.295e-13
6296.950  2.311e-13
6298.220  2.324e-13
6299.490  2.335e-13
6300.760  2.333e-13
6302.030  2.327e-13
6303.300  2.332e-13
6304.570  2.331e-13
6305.840  2.331e-13
6307.110  2.331e-13
6308.380  2.332e-13
6309.650  2.333e-13
6310.920  2.335e-13
6312.190  2.337e-13
6313.460  2.337e-13
6314.730  2.341e-13
6316.000  2.348e-13
6317.270  2.354e-13
6318.540  2.356e-13
6319.810  2.353e-13
6321.080  2.350e-13
6322.350  2.358e-13
6323.620  2.367e-13
6324.890  2.377e-13
6326.170  2.386e-13
6327.440  2.389e-13
6328.710  2.389e-13
6329.980  2.393e-13
6331.250  2.396e-13
6332.520  2.392e-13
6333.790  2.398e-13
6335.060  2.396e-13
6336.330  2.394e-13
6337.600  2.402e-13
6338.870  2.404e-13
6340.140  2.400e-13
6341.410  2.392e-13
6342.680  2.382e-13
6343.950  2.375e-13
6345.220  2.372e-13
6346.490  2.368e-13
6347.760  2.366e-13
6349.030  2.362e-13
6350.300  2.355e-13
6351.570  2.359e-13
6352.840  2.355e-13
6354.110  2.352e-13
6355.380  2.357e-13
6356.650  2.355e-13
6357.930  2.349e-13
6359.200  2.345e-13
6360.470  2.344e-13
6361.740  2.339e-13
6363.010  2.334e-13
6364.280  2.335e-13
6365.550  2.328e-13
6366.820  2.319e-13
6368.090  2.318e-13
6369.360  2.314e-13
6370.630  2.311e-13
6371.900  2.320e-13
6373.170  2.326e-13
6374.440  2.318e-13
6375.710  2.307e-13
6376.980  2.300e-13
6378.250  2.286e-13
6379.520  2.277e-13
6380.790  2.278e-13
6382.060  2.282e-13
6383.330  2.287e-13
6384.600  2.296e-13
6385.870  2.305e-13
6387.140  2.312e-13
6388.410  2.308e-13
6389.680  2.291e-13
6390.960  2.284e-13
6392.230  2.281e-13
6393.500  2.265e-13
6394.770  2.264e-13
6396.040  2.274e-13
6397.310  2.279e-13
6398.580  2.278e-13
6399.850  2.278e-13
6401.120  2.274e-13
6402.390  2.269e-13
6403.660  2.265e-13
6404.930  2.265e-13
6406.200  2.260e-13
6407.470  2.250e-13
6408.740  2.249e-13
6410.010  2.249e-13
6411.280  2.248e-13
6412.550  2.236e-13
6413.820  2.225e-13
6415.090  2.220e-13
6416.360  2.213e-13
6417.630  2.218e-13
6418.900  2.227e-13
6420.170  2.225e-13
6421.440  2.223e-13
6422.720  2.220e-13
6423.990  2.214e-13
6425.260  2.204e-13
6426.530  2.202e-13
6427.800  2.202e-13
6429.070  2.200e-13
6430.340  2.198e-13
6431.610  2.194e-13
6432.880  2.186e-13
6434.150  2.185e-13
6435.420  2.182e-13
6436.690  2.173e-13
6437.960  2.162e-13
6439.230  2.156e-13
6440.500  2.155e-13
6441.770  2.143e-13
6443.040  2.132e-13
6444.310  2.128e-13
6445.580  2.120e-13
6446.850  2.109e-13
6448.120  2.102e-13
6449.390  2.106e-13
6450.660  2.110e-13
6451.930  2.119e-13
6453.200  2.114e-13
6454.470  2.101e-13
6455.750  2.107e-13
6457.020  2.108e-13
6458.290  2.097e-13
6459.560  2.088e-13
6460.830  2.085e-13
6462.100  2.085e-13
6463.370  2.090e-13
6464.640  2.097e-13
6465.910  2.101e-13
6467.180  2.096e-13
6468.450  2.098e-13
6469.720  2.098e-13
6470.990  2.094e-13
6472.260  2.101e-13
6473.530  2.102e-13
6474.800  2.097e-13
6476.070  2.087e-13
6477.340  2.082e-13
6478.610  2.088e-13
6479.880  2.086e-13
6481.150  2.085e-13
6482.420  2.086e-13
6483.690  2.086e-13
6484.960  2.087e-13
6486.230  2.077e-13
6487.500  2.066e-13
6488.780  2.072e-13
6490.050  2.072e-13
6491.320  2.052e-13
6492.590  2.043e-13
6493.860  2.041e-13
6495.130  2.036e-13
6496.400  2.037e-13
6497.670  2.042e-13
6498.940  2.045e-13
6500.210  2.053e-13
6501.480  2.056e-13
6502.750  2.059e-13
6504.020  2.067e-13
6505.290  2.079e-13
6506.560  2.076e-13
6507.830  2.061e-13
6509.100  2.060e-13
6510.370  2.064e-13
6511.640  2.056e-13
6512.910  2.054e-13
6514.180  2.051e-13
6515.450  2.044e-13
6516.720  2.049e-13
6517.990  2.044e-13
6519.260  2.031e-13
6520.540  2.029e-13
6521.810  2.031e-13
6523.080  2.028e-13
6524.350  2.021e-13
6525.620  2.013e-13
6526.890  2.011e-13
6528.160  2.016e-13
6529.430  2.010e-13
6530.700  2.003e-13
6531.970  1.999e-13
6533.240  1.988e-13
6534.510  1.984e-13
6535.780  1.987e-13
6537.050  1.985e-13
6538.320  1.986e-13
6539.590  1.986e-13
6540.860  1.989e-13
6542.130  1.990e-13
6543.400  1.996e-13
6544.670  1.998e-13
6545.940  1.998e-13
6547.210  1.999e-13
6548.480  1.996e-13
6549.750  1.991e-13
6551.020  1.989e-13
6552.290  1.986e-13
6553.570  1.987e-13
6554.840  1.991e-13
6556.110  1.991e-13
6557.380  1.994e-13
6558.650  1.997e-13
6559.920  1.994e-13
6561.190  1.992e-13
6562.460  1.993e-13
6563.730  1.989e-13
6565.000  1.983e-13
6566.270  1.983e-13
6567.540  1.989e-13
6568.810  1.988e-13
6570.080  1.984e-13
6571.350  1.984e-13
6572.620  1.990e-13
6573.890  1.985e-13
6575.160  1.972e-13
6576.430  1.977e-13
6577.700  1.986e-13
6578.970  1.981e-13
6580.240  1.977e-13
6581.510  1.971e-13
6582.780  1.961e-13
6584.050  1.962e-13
6585.330  1.963e-13
6586.600  1.951e-13
6587.870  1.941e-13
6589.140  1.940e-13
6590.410  1.935e-13
6591.680  1.932e-13
6592.950  1.932e-13
6594.220  1.924e-13
6595.490  1.919e-13
6596.760  1.925e-13
6598.030  1.926e-13
6599.300  1.926e-13
6600.570  1.922e-13
6601.840  1.924e-13
6603.110  1.928e-13
6604.380  1.933e-13
6605.650  1.935e-13
6606.920  1.934e-13
6608.190  1.926e-13
6609.460  1.911e-13
6610.730  1.903e-13
6612.000  1.891e-13
6613.270  1.883e-13
6614.540  1.870e-13
6615.810  1.862e-13
6617.080  1.861e-13
6618.360  1.861e-13
6619.630  1.874e-13
6620.900  1.900e-13
6622.170  1.911e-13
6623.440  1.905e-13
6624.710  1.899e-13
6625.980  1.892e-13
6627.250  1.901e-13
6628.520  1.903e-13
6629.790  1.897e-13
6631.060  1.896e-13
6632.330  1.900e-13
6633.600  1.894e-13
6634.870  1.892e-13
6636.140  1.893e-13
6637.410  1.889e-13
6638.680  1.889e-13
6639.950  1.888e-13
6641.220  1.891e-13
6642.490  1.890e-13
6643.760  1.882e-13
6645.030  1.880e-13
6646.300  1.874e-13
6647.570  1.868e-13
6648.840  1.872e-13
6650.120  1.874e-13
6651.390  1.865e-13
6652.660  1.874e-13
6653.930  1.883e-13
6655.200  1.875e-13
6656.470  1.864e-13
6657.740  1.861e-13
6659.010  1.865e-13
6660.280  1.864e-13
6661.550  1.865e-13
6662.820  1.861e-13
6664.090  1.853e-13
6665.360  1.850e-13
6666.630  1.852e-13
6667.900  1.853e-13
6669.170  1.847e-13
6670.440  1.848e-13
6671.710  1.853e-13
6672.980  1.849e-13
6674.250  1.853e-13
6675.520  1.853e-13
6676.790  1.841e-13
6678.060  1.840e-13
6679.330  1.842e-13
6680.600  1.849e-13
6681.870  1.846e-13
6683.150  1.838e-13
6684.420  1.843e-13
6685.690  1.846e-13
6686.960  1.840e-13
6688.230  1.840e-13
6689.500  1.839e-13
6690.770  1.829e-13
6692.040  1.827e-13
6693.310  1.820e-13
6694.580  1.822e-13
6695.850  1.826e-13
6697.120  1.812e-13
6698.390  1.804e-13
6699.660  1.804e-13
6700.930  1.795e-13
6702.200  1.796e-13
6703.470  1.798e-13
6704.740  1.798e-13
6706.010  1.803e-13
6707.280  1.805e-13
6708.550  1.805e-13
6709.820  1.814e-13
6711.090  1.819e-13
6712.360  1.810e-13
6713.630  1.802e-13
6714.900  1.805e-13
6716.180  1.803e-13
6717.450  1.803e-13
6718.720  1.807e-13
6719.990  1.806e-13
6721.260  1.804e-13
6722.530  1.807e-13
6723.800  1.807e-13
6725.070  1.803e-13
6726.340  1.805e-13
6727.610  1.804e-13
6728.880  1.797e-13
6730.150  1.793e-13
6731.420  1.790e-13
6732.690  1.786e-13
6733.960  1.791e-13
6735.230  1.787e-13
6736.500  1.788e-13
6737.770  1.799e-13
6739.040  1.796e-13
6740.310  1.790e-13
6741.580  1.793e-13
6742.850  1.792e-13
6744.120  1.786e-13
6745.390  1.790e-13
6746.660  1.796e-13
6747.940  1.791e-13
6749.210  1.792e-13
6750.480  1.798e-13
6751.750  1.793e-13
6753.020  1.787e-13
6754.290  1.791e-13
6755.560  1.805e-13
6756.830  1.813e-13
6758.100  1.808e-13
6759.370  1.803e-13
6760.640  1.809e-13
6761.910  1.809e-13
6763.180  1.805e-13
6764.450  1.801e-13
6765.720  1.803e-13
6766.990  1.805e-13
6768.260  1.800e-13
6769.530  1.797e-13
6770.800  1.795e-13
6772.070  1.789e-13
6773.340  1.790e-13
6774.610  1.792e-13
6775.880  1.787e-13
6777.150  1.788e-13
6778.420  1.791e-13
6779.690  1.790e-13
6780.970  1.787e-13
6782.240  1.788e-13
6783.510  1.793e-13
6784.780  1.793e-13
6786.050  1.788e-13
6787.320  1.788e-13
6788.590  1.789e-13
6789.860  1.800e-13
6791.130  1.801e-13
6792.400  1.795e-13
6793.670  1.795e-13
6794.940  1.795e-13
6796.210  1.796e-13
6797.480  1.792e-13
6798.750  1.788e-13
6800.020  1.787e-13
6801.290  1.790e-13
6802.560  1.795e-13
6803.830  1.800e-13
6805.100  1.792e-13
6806.370  1.789e-13
6807.640  1.797e-13
6808.910  1.800e-13
6810.180  1.791e-13
6811.450  1.784e-13
6812.730  1.787e-13
6814.000  1.789e-13
6815.270  1.792e-13
6816.540  1.796e-13
6817.810  1.795e-13
6819.080  1.784e-13
6820.350  1.782e-13
6821.620  1.792e-13
6822.890  1.792e-13
6824.160  1.779e-13
6825.430  1.767e-13
6826.700  1.772e-13
6827.970  1.774e-13
6829.240  1.775e-13
6830.510  1.771e-13
6831.780  1.773e-13
6833.050  1.772e-13
6834.320  1.766e-13
6835.590  1.762e-13
6836.860  1.759e-13
6838.130  1.758e-13
6839.400  1.757e-13
6840.670  1.751e-13
6841.940  1.741e-13
6843.210  1.745e-13
6844.480  1.743e-13
6845.760  1.731e-13
6847.030  1.728e-13
6848.300  1.729e-13
6849.570  1.730e-13
6850.840  1.733e-13
6852.110  1.735e-13
6853.380  1.733e-13
6854.650  1.740e-13
6855.920  1.740e-13
6857.190  1.730e-13
6858.460  1.726e-13
6859.730  1.731e-13
6861.000  1.729e-13
6862.270  1.714e-13
6863.540  1.681e-13
6864.810  1.627e-13
6866.080  1.555e-13
6867.350  1.465e-13
6868.620  1.382e-13
6869.890  1.339e-13
6871.160  1.329e-13
6872.430  1.358e-13
6873.700  1.401e-13
6874.970  1.433e-13
6876.240  1.473e-13
6877.520  1.515e-13
6878.790  1.564e-13
6880.060  1.609e-13
6881.330  1.634e-13
6882.600  1.641e-13
6883.870  1.639e-13
6885.140  1.625e-13
6886.410  1.591e-13
6887.680  1.565e-13
6888.950  1.562e-13
6890.220  1.570e-13
6891.490  1.576e-13
6892.760  1.583e-13
6894.030  1.589e-13
6895.300  1.597e-13
6896.570  1.615e-13
6897.840  1.618e-13
6899.110  1.615e-13
6900.380  1.628e-13
6901.650  1.640e-13
6902.920  1.656e-13
6904.190  1.664e-13
6905.460  1.660e-13
6906.730  1.665e-13
6908.000  1.679e-13
6909.270  1.688e-13
6910.550  1.690e-13
6911.820  1.692e-13
6913.090  1.699e-13
6914.360  1.699e-13
6915.630  1.706e-13
6916.900  1.718e-13
6918.170  1.721e-13
6919.440  1.720e-13
6920.710  1.719e-13
6921.980  1.731e-13
6923.250  1.732e-13
6924.520  1.731e-13
6925.790  1.737e-13
6927.060  1.743e-13
6928.330  1.748e-13
6929.600  1.748e-13
6930.870  1.749e-13
6932.140  1.760e-13
6933.410  1.765e-13
6934.680  1.770e-13
6935.950  1.769e-13
6937.220  1.767e-13
6938.490  1.764e-13
6939.760  1.766e-13
6941.030  1.761e-13
6942.300  1.760e-13
6943.580  1.764e-13
6944.850  1.765e-13
6946.120  1.765e-13
6947.390  1.767e-13
6948.660  1.769e-13
6949.930  1.759e-13
6951.200  1.753e-13
6952.470  1.758e-13
6953.740  1.764e-13
6955.010  1.768e-13
6956.280  1.770e-13
6957.550  1.761e-13
6958.820  1.758e-13
6960.090  1.767e-13
6961.360  1.763e-13
6962.630  1.765e-13
6963.900  1.770e-13
6965.170  1.770e-13
6966.440  1.777e-13
6967.710  1.776e-13
6968.980  1.776e-13
6970.250  1.785e-13
6971.520  1.785e-13
6972.790  1.783e-13
6974.060  1.787e-13
6975.340  1.791e-13
6976.610  1.781e-13
6977.880  1.775e-13
6979.150  1.780e-13
6980.420  1.785e-13
6981.690  1.780e-13
6982.960  1.779e-13
6984.230  1.787e-13
6985.500  1.792e-13
6986.770  1.791e-13
6988.040  1.796e-13
6989.310  1.803e-13
6990.580  1.797e-13
6991.850  1.790e-13
6993.120  1.790e-13
6994.390  1.786e-13
6995.660  1.782e-13
6996.930  1.787e-13
6998.200  1.793e-13
6999.470  1.795e-13
7000.740  1.795e-13
7002.010  1.802e-13
7003.280  1.804e-13
7004.550  1.809e-13
7005.820  1.811e-13
7007.090  1.806e-13
7008.370  1.803e-13
7009.640  1.808e-13
7010.910  1.816e-13
7012.180  1.823e-13
7013.450  1.817e-13
7014.720  1.804e-13
7015.990  1.803e-13
7017.260  1.804e-13
7018.530  1.807e-13
7019.800  1.808e-13
7021.070  1.806e-13
7022.340  1.808e-13
7023.610  1.805e-13
7024.880  1.803e-13
7026.150  1.801e-13
7027.420  1.803e-13
7028.690  1.812e-13
7029.960  1.816e-13
7031.230  1.810e-13
7032.500  1.807e-13
7033.770  1.806e-13
7035.040  1.807e-13
7036.310  1.813e-13
7037.580  1.823e-13
7038.850  1.822e-13
7040.130  1.817e-13
7041.400  1.822e-13
7042.670  1.832e-13
7043.940  1.835e-13
7045.210  1.835e-13
7046.480  1.832e-13
7047.750  1.837e-13
7049.020  1.835e-13
7050.290  1.835e-13
7051.560  1.836e-13
7052.830  1.836e-13
7054.100  1.832e-13
7055.370  1.830e-13
7056.640  1.834e-13
7057.910  1.826e-13
7059.180  1.820e-13
7060.450  1.823e-13
7061.720  1.829e-13
7062.990  1.825e-13
7064.260  1.819e-13
7065.530  1.820e-13
7066.800  1.822e-13
7068.070  1.828e-13
7069.340  1.827e-13
7070.610  1.824e-13
7071.880  1.830e-13
7073.160  1.827e-13
7074.430  1.832e-13
7075.700  1.838e-13
7076.970  1.843e-13
7078.240  1.851e-13
7079.510  1.851e-13
7080.780  1.850e-13
7082.050  1.854e-13
7083.320  1.859e-13
7084.590  1.856e-13
7085.860  1.851e-13
7087.130  1.851e-13
7088.400  1.851e-13
7089.670  1.850e-13
7090.940  1.854e-13
7092.210  1.855e-13
7093.480  1.846e-13
7094.750  1.842e-13
7096.020  1.852e-13
7097.290  1.852e-13
7098.560  1.848e-13
7099.830  1.857e-13
7101.100  1.868e-13
7102.370  1.869e-13
7103.640  1.868e-13
7104.920  1.864e-13
7106.190  1.858e-13
7107.460  1.864e-13
7108.730  1.868e-13
7110.000  1.858e-13
7111.270  1.862e-13
7112.540  1.866e-13
7113.810  1.867e-13
7115.080  1.863e-13
7116.350  1.863e-13
7117.620  1.867e-13
7118.890  1.862e-13
7120.160  1.862e-13
7121.430  1.862e-13
7122.700  1.850e-13
7123.970  1.854e-13
7125.240  1.856e-13
7126.510  1.856e-13
7127.780  1.853e-13
7129.050  1.853e-13
7130.320  1.854e-13
7131.590  1.850e-13
7132.860  1.847e-13
7134.130  1.848e-13
7135.400  1.859e-13
7136.670  1.861e-13
7137.950  1.863e-13
7139.220  1.859e-13
7140.490  1.854e-13
7141.760  1.857e-13
7143.030  1.854e-13
7144.300  1.856e-13
7145.570  1.860e-13
7146.840  1.867e-13
7148.110  1.865e-13
7149.380  1.867e-13
7150.650  1.864e-13
7151.920  1.869e-13
7153.190  1.872e-13
7154.460  1.872e-13
7155.730  1.865e-13
7157.000  1.867e-13
7158.270  1.868e-13
7159.540  1.855e-13
7160.810  1.847e-13
7162.080  1.851e-13
7163.350  1.851e-13
7164.620  1.846e-13
7165.890  1.835e-13
7167.160  1.827e-13
7168.430  1.831e-13
7169.700  1.829e-13
7170.980  1.824e-13
7172.250  1.824e-13
7173.520  1.814e-13
7174.790  1.803e-13
7176.060  1.803e-13
7177.330  1.810e-13
7178.600  1.804e-13
7179.870  1.802e-13
7181.140  1.803e-13
7182.410  1.798e-13
7183.680  1.783e-13
7184.950  1.771e-13
7186.220  1.772e-13
7187.490  1.770e-13
7188.760  1.772e-13
7190.030  1.784e-13
7191.300  1.790e-13
7192.570  1.786e-13
7193.840  1.788e-13
7195.110  1.811e-13
7196.380  1.809e-13
7197.650  1.796e-13
7198.920  1.782e-13
7200.190  1.771e-13
7201.460  1.768e-13
7202.740  1.768e-13
7204.010  1.773e-13
7205.280  1.773e-13
7206.550  1.775e-13
7207.820  1.788e-13
7209.090  1.811e-13
7210.360  1.829e-13
7211.630  1.834e-13
7212.900  1.834e-13
7214.170  1.837e-13
7215.440  1.840e-13
7216.710  1.841e-13
7217.980  1.841e-13
7219.250  1.841e-13
7220.520  1.836e-13
7221.790  1.826e-13
7223.060  1.810e-13
7224.330  1.794e-13
7225.600  1.787e-13
7226.870  1.773e-13
7228.140  1.757e-13
7229.410  1.753e-13
7230.680  1.759e-13
7231.950  1.755e-13
7233.220  1.742e-13
7234.490  1.739e-13
7235.770  1.741e-13
7237.040  1.752e-13
7238.310  1.766e-13
7239.580  1.764e-13
7240.850  1.752e-13
7242.120  1.745e-13
7243.390  1.744e-13
7244.660  1.750e-13
7245.930  1.759e-13
7247.200  1.761e-13
7248.470  1.765e-13
7249.740  1.757e-13
7251.010  1.741e-13
7252.280  1.732e-13
7253.550  1.727e-13
7254.820  1.731e-13
7256.090  1.747e-13
7257.360  1.756e-13
7258.630  1.749e-13
7259.900  1.744e-13
7261.170  1.736e-13
7262.440  1.727e-13
7263.710  1.721e-13
7264.980  1.718e-13
7266.250  1.720e-13
7267.530  1.724e-13
7268.800  1.728e-13
7270.070  1.725e-13
7271.340  1.710e-13
7272.610  1.697e-13
7273.880  1.687e-13
7275.150  1.682e-13
7276.420  1.674e-13
7277.690  1.669e-13
7278.960  1.669e-13
7280.230  1.686e-13
7281.500  1.707e-13
7282.770  1.716e-13
7284.040  1.713e-13
7285.310  1.710e-13
7286.580  1.706e-13
7287.850  1.701e-13
7289.120  1.694e-13
7290.390  1.690e-13
7291.660  1.691e-13
7292.930  1.695e-13
7294.200  1.702e-13
7295.470  1.712e-13
7296.740  1.714e-13
7298.010  1.703e-13
7299.280  1.696e-13
7300.560  1.684e-13
7301.830  1.666e-13
7303.100  1.654e-13
7304.370  1.647e-13
7305.640  1.642e-13
7306.910  1.652e-13
7308.180  1.660e-13
7309.450  1.652e-13
7310.720  1.647e-13
7311.990  1.656e-13
7313.260  1.661e-13
7314.530  1.661e-13
7315.800  1.663e-13
7317.070  1.661e-13
7318.340  1.653e-13
7319.610  1.649e-13
7320.880  1.650e-13
7322.150  1.650e-13
7323.420  1.647e-13
7324.690  1.638e-13
7325.960  1.634e-13
7327.230  1.636e-13
7328.500  1.633e-13
7329.770  1.637e-13
7331.040  1.644e-13
7332.320  1.633e-13
7333.590  1.622e-13
7334.860  1.622e-13
7336.130  1.621e-13
7337.400  1.622e-13
7338.670  1.624e-13
7339.940  1.622e-13
7341.210  1.628e-13
7342.480  1.638e-13
7343.750  1.635e-13
7345.020  1.623e-13
7346.290  1.614e-13
7347.560  1.608e-13
7348.830  1.603e-13
7350.100  1.593e-13
7351.370  1.590e-13
7352.640  1.588e-13
7353.910  1.580e-13
7355.180  1.581e-13
7356.450  1.576e-13
7357.720  1.561e-13
7358.990  1.552e-13
7360.260  1.555e-13
7361.530  1.561e-13
7362.800  1.558e-13
7364.070  1.561e-13
7365.350  1.569e-13
7366.620  1.559e-13
7367.890  1.543e-13
7369.160  1.537e-13
7370.430  1.532e-13
7371.700  1.527e-13
7372.970  1.522e-13
7374.240  1.514e-13
7375.510  1.495e-13
7376.780  1.483e-13
7378.050  1.480e-13
7379.320  1.466e-13
7380.590  1.452e-13
7381.860  1.444e-13
7383.130  1.433e-13
7384.400  1.424e-13
7385.670  1.418e-13
7386.940  1.414e-13
7388.210  1.412e-13
7389.480  1.413e-13
7390.750  1.412e-13
7392.020  1.413e-13
7393.290  1.410e-13
7394.560  1.409e-13
7395.830  1.417e-13
7397.100  1.421e-13
7398.380  1.415e-13
7399.650  1.406e-13
7400.920  1.395e-13
7402.190  1.386e-13
7403.460  1.385e-13
7404.730  1.385e-13
7406.000  1.376e-13
7407.270  1.369e-13
7408.540  1.376e-13
7409.810  1.379e-13
7411.080  1.385e-13
7412.350  1.392e-13
7413.620  1.399e-13
7414.890  1.400e-13
7416.160  1.398e-13
7417.430  1.403e-13
7418.700  1.401e-13
7419.970  1.401e-13
7421.240  1.403e-13
7422.510  1.402e-13
7423.780  1.401e-13
7425.050  1.394e-13
7426.320  1.396e-13
7427.590  1.405e-13
7428.860  1.399e-13
7430.140  1.393e-13
7431.410  1.395e-13
7432.680  1.398e-13
7433.950  1.396e-13
7435.220  1.399e-13
7436.490  1.401e-13
7437.760  1.400e-13
7439.030  1.401e-13
7440.300  1.406e-13
7441.570  1.411e-13
7442.840  1.411e-13
7444.110  1.411e-13
7445.380  1.416e-13
7446.650  1.414e-13
7447.920  1.415e-13
7449.190  1.423e-13
7450.460  1.426e-13
7451.730  1.426e-13
7453.000  1.430e-13
7454.270  1.439e-13
7455.540  1.446e-13
7456.810  1.449e-13
7458.080  1.449e-13
7459.350  1.455e-13
7460.620  1.458e-13
7461.890  1.449e-13
7463.170  1.444e-13
7464.440  1.445e-13
7465.710  1.456e-13
7466.980  1.462e-13
7468.250  1.461e-13
7469.520  1.465e-13
7470.790  1.466e-13
7472.060  1.473e-13
7473.330  1.474e-13
7474.600  1.469e-13
7475.870  1.470e-13
7477.140  1.480e-13
7478.410  1.480e-13
7479.680  1.481e-13
7480.950  1.480e-13
7482.220  1.475e-13
7483.490  1.474e-13
7484.760  1.471e-13
7486.030  1.470e-13
7487.300  1.468e-13
7488.570  1.465e-13
7489.840  1.470e-13
7491.110  1.470e-13
7492.380  1.458e-13
7493.650  1.453e-13
7494.930  1.455e-13
7496.200  1.454e-13
7497.470  1.454e-13
7498.740  1.456e-13
7500.010  1.460e-13
7501.280  1.466e-13
7502.550  1.468e-13
7503.820  1.469e-13
7505.090  1.474e-13
7506.360  1.484e-13
7507.630  1.489e-13
7508.900  1.490e-13
7510.170  1.496e-13
7511.440  1.501e-13
7512.710  1.509e-13
7513.980  1.506e-13
7515.250  1.502e-13
7516.520  1.501e-13
7517.790  1.505e-13
7519.060  1.513e-13
7520.330  1.520e-13
7521.600  1.518e-13
7522.870  1.515e-13
7524.140  1.516e-13
7525.410  1.523e-13
7526.680  1.526e-13
7527.960  1.525e-13
7529.230  1.523e-13
7530.500  1.523e-13
7531.770  1.527e-13
7533.040  1.532e-13
7534.310  1.532e-13
7535.580  1.533e-13
7536.850  1.535e-13
7538.120  1.529e-13
7539.390  1.529e-13
7540.660  1.527e-13
7541.930  1.521e-13
7543.200  1.514e-13
7544.470  1.513e-13
7545.740  1.520e-13
7547.010  1.514e-13
7548.280  1.511e-13
7549.550  1.507e-13
7550.820  1.499e-13
7552.090  1.504e-13
7553.360  1.511e-13
7554.630  1.512e-13
7555.900  1.516e-13
7557.170  1.524e-13
7558.440  1.526e-13
7559.710  1.524e-13
7560.990  1.523e-13
7562.260  1.527e-13
7563.530  1.529e-13
7564.800  1.531e-13
7566.070  1.533e-13
7567.340  1.535e-13
7568.610  1.543e-13
7569.880  1.554e-13
7571.150  1.558e-13
7572.420  1.561e-13
7573.690  1.563e-13
7574.960  1.566e-13
7576.230  1.568e-13
7577.500  1.565e-13
7578.770  1.566e-13
7580.040  1.564e-13
7581.310  1.556e-13
7582.580  1.554e-13
7583.850  1.555e-13
7585.120  1.555e-13
7586.390  1.556e-13
7587.660  1.549e-13
7588.930  1.526e-13
7590.200  1.492e-13
7591.470  1.431e-13
7592.750  1.338e-13
7594.020  1.209e-13
7595.290  1.049e-13
7596.560  9.032e-14
7597.830  8.008e-14
7599.100  7.232e-14
7600.370  6.576e-14
7601.640  5.983e-14
7602.910  5.545e-14
7604.180  5.410e-14
7605.450  5.459e-14
7606.720  5.613e-14
7607.990  5.882e-14
7609.260  6.286e-14
7610.530  6.858e-14
7611.800  7.574e-14
7613.070  8.479e-14
7614.340  9.495e-14
7615.610  1.069e-13
7616.880  1.177e-13
7618.150  1.242e-13
7619.420  1.255e-13
7620.690  1.203e-13
7621.960  1.102e-13
7623.230  1.002e-13
7624.500  9.480e-14
7625.780  9.123e-14
7627.050  8.940e-14
7628.320  8.976e-14
7629.590  8.978e-14
7630.860  9.078e-14
7632.130  9.180e-14
7633.400  9.172e-14
7634.670  9.392e-14
7635.940  9.653e-14
7637.210  9.726e-14
7638.480  9.971e-14
7639.750  1.040e-13
7641.020  1.050e-13
7642.290  1.055e-13
7643.560  1.106e-13
7644.830  1.147e-13
7646.100  1.139e-13
7647.370  1.157e-13
7648.640  1.218e-13
7649.910  1.241e-13
7651.180  1.227e-13
7652.450  1.255e-13
7653.720  1.309e-13
7654.990  1.323e-13
7656.260  1.314e-13
7657.540  1.340e-13
7658.810  1.384e-13
7660.080  1.396e-13
7661.350  1.382e-13
7662.620  1.378e-13
7663.890  1.378e-13
7665.160  1.357e-13
7666.430  1.320e-13
7667.700  1.297e-13
7668.970  1.318e-13
7670.240  1.365e-13
7671.510  1.408e-13
7672.780  1.437e-13
7674.050  1.462e-13
7675.320  1.488e-13
7676.590  1.491e-13
7677.860  1.483e-13
7679.130  1.487e-13
7680.400  1.501e-13
7681.670  1.512e-13
7682.940  1.514e-13
7684.210  1.510e-13
7685.480  1.515e-13
7686.750  1.526e-13
7688.020  1.534e-13
7689.290  1.536e-13
7690.570  1.538e-13
7691.840  1.544e-13
7693.110  1.555e-13
7694.380  1.569e-13
7695.650  1.580e-13
7696.920  1.569e-13
7698.190  1.545e-13
7699.460  1.528e-13
7700.730  1.516e-13
7702.000  1.503e-13
7703.270  1.494e-13
7704.540  1.512e-13
7705.810  1.541e-13
7707.080  1.556e-13
7708.350  1.561e-13
7709.620  1.565e-13
7710.890  1.562e-13
7712.160  1.559e-13
7713.430  1.565e-13
7714.700  1.572e-13
7715.970  1.575e-13
7717.240  1.572e-13
7718.510  1.568e-13
7719.780  1.574e-13
7721.050  1.575e-13
7722.330  1.572e-13
7723.600  1.573e-13
7724.870  1.577e-13
7726.140  1.583e-13
7727.410  1.576e-13
7728.680  1.577e-13
7729.950  1.594e-13
7731.220  1.600e-13
7732.490  1.601e-13
7733.760  1.606e-13
7735.030  1.613e-13
7736.300  1.612e-13
7737.570  1.618e-13
7738.840  1.622e-13
7740.110  1.621e-13
7741.380  1.621e-13
7742.650  1.617e-13
7743.920  1.611e-13
7745.190  1.607e-13
7746.460  1.616e-13
7747.730  1.623e-13
7749.000  1.615e-13
7750.270  1.611e-13
7751.540  1.616e-13
7752.810  1.621e-13
7754.080  1.616e-13
7755.360  1.617e-13
7756.630  1.627e-13
7757.900  1.632e-13
7759.170  1.630e-13
7760.440  1.624e-13
7761.710  1.620e-13
7762.980  1.618e-13
7764.250  1.624e-13
7765.520  1.631e-13
7766.790  1.630e-13
7768.060  1.632e-13
7769.330  1.638e-13
7770.600  1.643e-13
7771.870  1.649e-13
7773.140  1.658e-13
7774.410  1.664e-13
7775.680  1.667e-13
7776.950  1.666e-13
7778.220  1.667e-13
7779.490  1.663e-13
7780.760  1.660e-13
7782.030  1.664e-13
7783.300  1.677e-13
7784.570  1.677e-13
7785.840  1.677e-13
7787.110  1.683e-13
7788.390  1.677e-13
7789.660  1.668e-13
7790.930  1.666e-13
7792.200  1.662e-13
7793.470  1.648e-13
7794.740  1.635e-13
7796.010  1.628e-13
7797.280  1.622e-13
7798.550  1.621e-13
7799.820  1.624e-13
7801.090  1.629e-13
7802.360  1.635e-13
7803.630  1.640e-13
7804.900  1.638e-13
7806.170  1.641e-13
7807.440  1.636e-13
7808.710  1.626e-13
7809.980  1.634e-13
7811.250  1.644e-13
7812.520  1.643e-13
7813.790  1.641e-13
7815.060  1.644e-13
7816.330  1.644e-13
7817.600  1.635e-13
7818.870  1.636e-13
7820.150  1.634e-13
7821.420  1.622e-13
7822.690  1.604e-13
7823.960  1.594e-13
7825.230  1.583e-13
7826.500  1.574e-13
7827.770  1.568e-13
7829.040  1.557e-13
7830.310  1.542e-13
7831.580  1.534e-13
7832.850  1.522e-13
7834.120  1.510e-13
7835.390  1.508e-13
7836.660  1.512e-13
7837.930  1.513e-13
7839.200  1.508e-13
7840.470  1.507e-13
7841.740  1.511e-13
7843.010  1.516e-13
7844.280  1.509e-13
7845.550  1.497e-13
7846.820  1.488e-13
7848.090  1.483e-13
7849.360  1.473e-13
7850.630  1.468e-13
7851.900  1.466e-13
7853.180  1.454e-13
7854.450  1.444e-13
7855.720  1.436e-13
7856.990  1.432e-13
7858.260  1.432e-13
7859.530  1.424e-13
7860.800  1.416e-13
7862.070  1.403e-13
7863.340  1.391e-13
7864.610  1.382e-13
7865.880  1.373e-13
7867.150  1.358e-13
7868.420  1.349e-13
7869.690  1.350e-13
7870.960  1.354e-13
7872.230  1.354e-13
7873.500  1.354e-13
7874.770  1.348e-13
7876.040  1.342e-13
7877.310  1.341e-13
7878.580  1.344e-13
7879.850  1.347e-13
7881.120  1.348e-13
7882.390  1.348e-13
7883.660  1.341e-13
7884.940  1.335e-13
7886.210  1.326e-13
7887.480  1.318e-13
7888.750  1.314e-13
7890.020  1.305e-13
7891.290  1.295e-13
7892.560  1.284e-13
7893.830  1.276e-13
7895.100  1.266e-13
7896.370  1.258e-13
7897.640  1.254e-13
7898.910  1.247e-13
7900.180  1.243e-13
7901.450  1.242e-13
7902.720  1.232e-13
7903.990  1.221e-13
7905.260  1.217e-13
7906.530  1.203e-13
7907.800  1.191e-13
7909.070  1.187e-13
7910.340  1.181e-13
7911.610  1.182e-13
7912.880  1.188e-13
7914.150  1.185e-13
7915.420  1.182e-13
7916.690  1.183e-13
7917.970  1.187e-13
7919.240  1.192e-13
7920.510  1.192e-13
7921.780  1.191e-13
7923.050  1.185e-13
7924.320  1.186e-13
7925.590  1.186e-13
7926.860  1.181e-13
7928.130  1.181e-13
7929.400  1.175e-13
7930.670  1.162e-13
7931.940  1.158e-13
7933.210  1.159e-13
7934.480  1.157e-13
7935.750  1.151e-13
7937.020  1.146e-13
7938.290  1.146e-13
7939.560  1.143e-13
7940.830  1.136e-13
7942.100  1.131e-13
7943.370  1.123e-13
7944.640  1.112e-13
7945.910  1.106e-13
7947.180  1.100e-13
7948.450  1.085e-13
7949.730  1.073e-13
7951.000  1.069e-13
7952.270  1.067e-13
7953.540  1.062e-13
7954.810  1.056e-13
7956.080  1.051e-13
7957.350  1.052e-13
7958.620  1.057e-13
7959.890  1.053e-13
7961.160  1.048e-13
7962.430  1.045e-13
7963.700  1.044e-13
7964.970  1.050e-13
7966.240  1.054e-13
7967.510  1.055e-13
7968.780  1.054e-13
7970.050  1.047e-13
7971.320  1.048e-13
7972.590  1.043e-13
7973.860  1.041e-13
7975.130  1.049e-13
7976.400  1.049e-13
7977.670  1.044e-13
7978.940  1.047e-13
7980.210  1.046e-13
7981.480  1.047e-13
7982.760  1.042e-13
7984.030  1.036e-13
7985.300  1.033e-13
7986.570  1.028e-13
7987.840  1.024e-13
7989.110  1.024e-13
7990.380  1.024e-13
7991.650  1.024e-13
7992.920  1.023e-13
7994.190  1.022e-13
7995.460  1.020e-13
7996.730  1.009e-13
7998.000  1.010e-13
7999.270  1.015e-13
8000.540  1.017e-13
8001.810  1.019e-13
8003.080  1.015e-13
8004.350  1.018e-13
8005.620  1.028e-13
8006.890  1.032e-13
8008.160  1.030e-13
8009.430  1.032e-13
8010.700  1.036e-13
8011.970  1.039e-13
8013.240  1.042e-13
8014.510  1.043e-13
8015.790  1.045e-13
8017.060  1.048e-13
8018.330  1.049e-13
8019.600  1.041e-13
8020.870  1.043e-13
8022.140  1.047e-13
8023.410  1.040e-13
8024.680  1.037e-13
8025.950  1.038e-13
8027.220  1.032e-13
8028.490  1.030e-13
8029.760  1.036e-13
8031.030  1.039e-13
8032.300  1.042e-13
8033.570  1.042e-13
8034.840  1.037e-13
8036.110  1.033e-13
8037.380  1.032e-13
8038.650  1.038e-13
8039.920  1.038e-13
8041.190  1.037e-13
8042.460  1.044e-13
8043.730  1.046e-13
8045.000  1.041e-13
8046.270  1.047e-13
8047.550  1.061e-13
8048.820  1.064e-13
8050.090  1.066e-13
8051.360  1.076e-13
8052.630  1.082e-13
8053.900  1.081e-13
8055.170  1.078e-13
8056.440  1.081e-13
8057.710  1.080e-13
8058.980  1.079e-13
8060.250  1.085e-13
8061.520  1.083e-13
8062.790  1.077e-13
8064.060  1.076e-13
8065.330  1.073e-13
8066.600  1.076e-13
8067.870  1.077e-13
8069.140  1.077e-13
8070.410  1.084e-13
8071.680  1.085e-13
8072.950  1.089e-13
8074.220  1.093e-13
8075.490  1.096e-13
8076.760  1.094e-13
8078.030  1.088e-13
8079.300  1.085e-13
8080.580  1.086e-13
8081.850  1.088e-13
8083.120  1.088e-13
8084.390  1.084e-13
8085.660  1.081e-13
8086.930  1.082e-13
8088.200  1.080e-13
8089.470  1.073e-13
8090.740  1.067e-13
8092.010  1.068e-13
8093.280  1.075e-13
8094.550  1.077e-13
8095.820  1.074e-13
8097.090  1.077e-13
8098.360  1.084e-13
8099.630  1.093e-13
8100.900  1.100e-13
8102.170  1.100e-13
8103.440  1.104e-13
8104.710  1.112e-13
8105.980  1.108e-13
8107.250  1.098e-13
8108.520  1.091e-13
8109.790  1.092e-13
8111.060  1.092e-13
8112.340  1.090e-13
8113.610  1.091e-13
8114.880  1.093e-13
8116.150  1.091e-13
8117.420  1.086e-13
8118.690  1.084e-13
8119.960  1.078e-13
8121.230  1.062e-13
8122.500  1.063e-13
8123.770  1.065e-13
8125.040  1.056e-13
8126.310  1.056e-13
8127.580  1.062e-13
8128.850  1.052e-13
8130.120  1.038e-13
8131.390  1.037e-13
8132.660  1.028e-13
8133.930  1.027e-13
8135.200  1.026e-13
8136.470  1.022e-13
8137.740  1.019e-13
8139.010  1.016e-13
8140.280  1.015e-13
8141.550  1.015e-13
8142.820  1.013e-13
8144.090  1.012e-13
8145.370  1.016e-13
8146.640  1.012e-13
8147.910  1.002e-13
8149.180  9.984e-14
8150.450  9.944e-14
8151.720  9.956e-14
8152.990  9.995e-14
8154.260  9.941e-14
8155.530  9.922e-14
8156.800  9.953e-14
8158.070  9.926e-14
8159.340  9.856e-14
8160.610  9.747e-14
8161.880  9.667e-14
8163.150  9.635e-14
8164.420  9.599e-14
8165.690  9.599e-14
8166.960  9.598e-14
8168.230  9.625e-14
8169.500  9.693e-14
8170.770  9.643e-14
8172.040  9.569e-14
8173.310  9.593e-14
8174.580  9.580e-14
8175.850  9.496e-14
8177.130  9.384e-14
8178.400  9.266e-14
8179.670  9.240e-14
8180.940  9.353e-14
8182.210  9.451e-14
8183.480  9.453e-14
8184.750  9.445e-14
8186.020  9.465e-14
8187.290  9.468e-14
8188.560  9.437e-14
8189.830  9.442e-14
8191.100  9.498e-14
8192.370  9.510e-14
8193.640  9.542e-14
8194.910  9.588e-14
8196.180  9.634e-14
8197.450  9.630e-14
8198.720  9.643e-14
8199.990  9.754e-14
8201.260  9.911e-14
8202.530  1.004e-13
8203.800  1.013e-13
8205.070  1.018e-13
8206.340  1.024e-13
8207.610  1.018e-13
8208.880  1.011e-13
8210.160  1.012e-13
8211.430  1.017e-13
8212.700  1.021e-13
8213.970  1.017e-13
8215.240  1.009e-13
8216.510  1.009e-13
8217.780  1.009e-13
8219.050  1.002e-13
8220.320  1.004e-13
8221.590  1.004e-13
8222.860  9.926e-14
8224.130  9.780e-14
8225.400  9.682e-14
8226.670  9.627e-14
8227.940  9.562e-14
8229.210  9.509e-14
8230.480  9.576e-14
8231.750  9.789e-14
8233.020  1.001e-13
8234.290  1.017e-13
8235.560  1.030e-13
8236.830  1.029e-13
8238.100  1.029e-13
8239.370  1.035e-13
8240.640  1.038e-13
8241.910  1.036e-13
8243.190  1.035e-13
8244.460  1.037e-13
8245.730  1.039e-13
8247.000  1.040e-13
8248.270  1.046e-13
8249.540  1.049e-13
8250.810  1.048e-13
8252.080  1.038e-13
8253.350  1.031e-13
8254.620  1.032e-13
8255.890  1.031e-13
8257.160  1.030e-13
8258.430  1.031e-13
8259.700  1.027e-13
8260.970  1.026e-13
8262.240  1.035e-13
8263.510  1.046e-13
8264.780  1.055e-13
8266.050  1.053e-13
8267.320  1.055e-13
8268.590  1.068e-13
8269.860  1.073e-13
8271.130  1.066e-13
8272.400  1.057e-13
8273.670  1.052e-13
8274.950  1.053e-13
8276.220  1.063e-13
8277.490  1.066e-13
8278.760  1.069e-13
8280.030  1.076e-13
8281.300  1.083e-13
8282.570  1.082e-13
8283.840  1.078e-13
8285.110  1.080e-13
8286.380  1.084e-13
8287.650  1.082e-13
8288.920  1.076e-13
8290.190  1.076e-13
8291.460  1.080e-13
8292.730  1.091e-13
8294.000  1.094e-13
8295.270  1.092e-13
8296.540  1.092e-13
8297.810  1.100e-13
8299.080  1.111e-13
8300.350  1.112e-13
8301.620  1.105e-13
8302.890  1.100e-13
8304.160  1.105e-13
8305.430  1.116e-13
8306.700  1.121e-13
8307.980  1.130e-13
8309.250  1.144e-13
8310.520  1.151e-13
8311.790  1.155e-13
8313.060  1.156e-13
8314.330  1.155e-13
8315.600  1.156e-13
8316.870  1.159e-13
8318.140  1.160e-13
8319.410  1.155e-13
8320.680  1.164e-13
8321.950  1.183e-13
8323.220  1.191e-13
8324.490  1.197e-13
8325.760  1.207e-13
8327.030  1.216e-13
8328.300  1.222e-13
8329.570  1.220e-13
8330.840  1.220e-13
8332.110  1.225e-13
8333.380  1.224e-13
8334.650  1.225e-13
8335.920  1.242e-13
8337.190  1.257e-13
8338.460  1.261e-13
8339.740  1.267e-13
8341.010  1.268e-13
8342.280  1.267e-13
8343.550  1.275e-13
8344.820  1.283e-13
8346.090  1.288e-13
8347.360  1.292e-13
8348.630  1.295e-13
8349.900  1.299e-13
8351.170  1.299e-13
8352.440  1.296e-13
8353.710  1.300e-13
8354.980  1.300e-13
8356.250  1.298e-13
8357.520  1.299e-13
8358.790  1.305e-13
8360.060  1.309e-13
8361.330  1.309e-13
8362.600  1.313e-13
8363.870  1.325e-13
8365.140  1.336e-13
8366.410  1.342e-13
8367.680  1.345e-13
8368.950  1.353e-13
8370.220  1.363e-13
8371.490  1.377e-13
8372.770  1.382e-13
8374.040  1.377e-13
8375.310  1.380e-13
8376.580  1.388e-13
8377.850  1.388e-13
8379.120  1.397e-13
8380.390  1.414e-13
8381.660  1.417e-13
8382.930  1.406e-13
8384.200  1.412e-13
8385.470  1.420e-13
8386.740  1.419e-13
8388.010  1.417e-13
8389.280  1.418e-13
8390.550  1.422e-13
8391.820  1.424e-13
8393.090  1.426e-13
8394.360  1.426e-13
8395.630  1.426e-13
8396.900  1.430e-13
8398.170  1.436e-13
8399.440  1.437e-13
8400.710  1.428e-13
8401.980  1.430e-13
8403.250  1.442e-13
8404.530  1.442e-13
8405.800  1.445e-13
8407.070  1.449e-13
8408.340  1.449e-13
8409.610  1.449e-13
8410.880  1.447e-13
8412.150  1.446e-13
8413.420  1.454e-13
8414.690  1.466e-13
8415.960  1.470e-13
8417.230  1.468e-13
8418.500  1.466e-13
8419.770  1.470e-13
8421.040  1.476e-13
8422.310  1.480e-13
8423.580  1.481e-13
8424.850  1.476e-13
8426.120  1.475e-13
8427.390  1.486e-13
8428.660  1.494e-13
8429.930  1.490e-13
8431.200  1.490e-13
8432.470  1.492e-13
8433.740  1.498e-13
8435.010  1.502e-13
8436.280  1.501e-13
8437.560  1.495e-13
8438.830  1.491e-13
8440.100  1.495e-13
8441.370  1.504e-13
8442.640  1.507e-13
8443.910  1.509e-13
8445.180  1.511e-13
8446.450  1.511e-13
8447.720  1.516e-13
8448.990  1.521e-13
8450.260  1.524e-13
8451.530  1.524e-13
8452.800  1.525e-13
8454.070  1.532e-13
8455.340  1.531e-13
8456.610  1.532e-13
8457.880  1.536e-13
8459.150  1.535e-13
8460.420  1.540e-13
8461.690  1.547e-13
8462.960  1.546e-13
8464.230  1.546e-13
8465.500  1.548e-13
8466.770  1.544e-13
8468.040  1.539e-13
8469.310  1.532e-13
8470.590  1.527e-13
8471.860  1.526e-13
8473.130  1.523e-13
8474.400  1.518e-13
8475.670  1.519e-13
8476.940  1.514e-13
8478.210  1.508e-13
8479.480  1.503e-13
8480.750  1.506e-13
8482.020  1.512e-13
8483.290  1.506e-13
8484.560  1.500e-13
8485.830  1.505e-13
8487.100  1.510e-13
8488.370  1.509e-13
8489.640  1.513e-13
8490.910  1.519e-13
8492.180  1.517e-13
8493.450  1.517e-13
8494.720  1.527e-13
8495.990  1.534e-13
8497.260  1.535e-13
8498.530  1.538e-13
8499.800  1.539e-13
8501.070  1.535e-13
8502.350  1.530e-13
8503.620  1.528e-13
8504.890  1.529e-13
8506.160  1.530e-13
8507.430  1.531e-13
8508.700  1.539e-13
8509.970  1.548e-13
8511.240  1.541e-13
8512.510  1.538e-13
8513.780  1.540e-13
8515.050  1.531e-13
8516.320  1.525e-13
8517.590  1.524e-13
8518.860  1.522e-13
8520.130  1.523e-13
8521.400  1.517e-13
8522.670  1.511e-13
8523.940  1.501e-13
8525.210  1.488e-13
8526.480  1.461e-13
8527.750  1.457e-13
8529.020  1.475e-13
8530.290  1.472e-13
8531.560  1.467e-13
8532.830  1.472e-13
8534.100  1.477e-13
8535.380  1.473e-13
8536.650  1.472e-13
8537.920  1.482e-13
8539.190  1.486e-13
8540.460  1.482e-13
8541.730  1.480e-13
8543.000  1.477e-13
8544.270  1.480e-13
8545.540  1.481e-13
8546.810  1.479e-13
8548.080  1.482e-13
8549.350  1.487e-13
8550.620  1.486e-13
8551.890  1.480e-13
8553.160  1.473e-13
8554.430  1.470e-13
8555.700  1.466e-13
8556.970  1.460e-13
8558.240  1.456e-13
8559.510  1.446e-13
8560.780  1.440e-13
8562.050  1.444e-13
8563.320  1.441e-13
8564.590  1.432e-13
8565.860  1.427e-13
8567.140  1.421e-13
8568.410  1.420e-13
8569.680  1.420e-13
8570.950  1.412e-13
8572.220  1.407e-13
8573.490  1.416e-13
8574.760  1.428e-13
8576.030  1.428e-13
8577.300  1.430e-13
8578.570  1.431e-13
8579.840  1.426e-13
8581.110  1.412e-13
8582.380  1.400e-13
8583.650  1.399e-13
8584.920  1.398e-13
8586.190  1.399e-13
8587.460  1.408e-13
8588.730  1.419e-13
8590.000  1.432e-13
8591.270  1.436e-13
8592.540  1.429e-13
8593.810  1.422e-13
8595.080  1.420e-13
8596.350  1.419e-13
8597.620  1.419e-13
8598.890  1.423e-13
8600.170  1.421e-13
8601.440  1.421e-13
8602.710  1.436e-13
8603.980  1.448e-13
8605.250  1.453e-13
8606.520  1.457e-13
8607.790  1.448e-13
8609.060  1.433e-13
8610.330  1.422e-13
8611.600  1.415e-13
8612.870  1.410e-13
8614.140  1.410e-13
8615.410  1.412e-13
8616.680  1.410e-13
8617.950  1.407e-13
8619.220  1.403e-13
8620.490  1.395e-13
8621.760  1.387e-13
8623.030  1.369e-13
8624.300  1.358e-13
8625.570  1.359e-13
8626.840  1.354e-13
8628.110  1.355e-13
8629.380  1.369e-13
8630.650  1.372e-13
8631.930  1.369e-13
8633.200  1.366e-13
8634.470  1.360e-13
8635.740  1.354e-13
8637.010  1.349e-13
8638.280  1.344e-13
8639.550  1.352e-13
8640.820  1.360e-13
8642.090  1.360e-13
8643.360  1.357e-13
8644.630  1.352e-13
8645.900  1.351e-13
8647.170  1.354e-13
8648.440  1.356e-13
8649.710  1.362e-13
8650.980  1.374e-13
8652.250  1.381e-13
8653.520  1.387e-13
8654.790  1.394e-13
8656.060  1.393e-13
8657.330  1.387e-13
8658.600  1.383e-13
8659.870  1.378e-13
8661.140  1.379e-13
8662.410  1.378e-13
8663.680  1.373e-13
8664.960  1.370e-13
8666.230  1.365e-13
8667.500  1.360e-13
8668.770  1.358e-13
8670.040  1.351e-13
8671.310  1.335e-13
8672.580  1.335e-13
8673.850  1.339e-13
8675.120  1.339e-13
8676.390  1.337e-13
8677.660  1.331e-13
8678.930  1.326e-13
8680.200  1.320e-13
8681.470  1.320e-13
8682.740  1.325e-13
8684.010  1.332e-13
8685.280  1.339e-13
8686.550  1.344e-13
8687.820  1.353e-13
8689.090  1.360e-13
8690.360  1.360e-13
8691.630  1.364e-13
8692.900  1.367e-13
8694.170  1.364e-13
8695.440  1.358e-13
8696.710  1.358e-13
8697.990  1.361e-13
8699.260  1.358e-13
8700.530  1.354e-13
8701.800  1.363e-13
8703.070  1.370e-13
8704.340  1.366e-13
8705.610  1.361e-13
8706.880  1.359e-13
8708.150  1.359e-13
8709.420  1.356e-13
8710.690  1.356e-13
8711.960  1.357e-13
8713.230  1.360e-13
8714.500  1.356e-13
8715.770  1.348e-13
8717.040  1.349e-13
8718.310  1.356e-13
8719.580  1.351e-13
8720.850  1.347e-13
8722.120  1.350e-13
8723.390  1.347e-13
8724.660  1.343e-13
8725.930  1.339e-13
8727.200  1.331e-13
8728.470  1.327e-13
8729.750  1.316e-13
8731.020  1.312e-13
8732.290  1.307e-13
8733.560  1.305e-13
8734.830  1.305e-13
8736.100  1.299e-13
8737.370  1.297e-13
8738.640  1.293e-13
8739.910  1.279e-13
8741.180  1.267e-13
8742.450  1.262e-13
8743.720  1.254e-13
8744.990  1.245e-13
8746.260  1.245e-13
8747.530  1.246e-13
8748.800  1.237e-13
8750.070  1.229e-13
8751.340  1.230e-13
8752.610  1.231e-13
8753.880  1.224e-13
8755.150  1.214e-13
8756.420  1.206e-13
8757.690  1.203e-13
8758.960  1.207e-13
8760.230  1.217e-13
8761.500  1.225e-13
8762.780  1.227e-13
8764.050  1.225e-13
8765.320  1.223e-13
8766.590  1.221e-13
8767.860  1.218e-13
8769.130  1.222e-13
8770.400  1.223e-13
8771.670  1.215e-13
8772.940  1.211e-13
8774.210  1.215e-13
8775.480  1.218e-13
8776.750  1.219e-13
8778.020  1.213e-13
8779.290  1.212e-13
8780.560  1.219e-13
8781.830  1.220e-13
8783.100  1.213e-13
8784.370  1.207e-13
8785.640  1.204e-13
8786.910  1.201e-13
8788.180  1.198e-13
8789.450  1.193e-13
8790.720  1.196e-13
8791.990  1.201e-13
8793.260  1.197e-13
8794.540  1.194e-13
8795.810  1.189e-13
8797.080  1.183e-13
8798.350  1.179e-13
8799.620  1.174e-13
8800.890  1.166e-13
8802.160  1.154e-13
8803.430  1.147e-13
8804.700  1.146e-13
8805.970  1.142e-13
8807.240  1.133e-13
8808.510  1.123e-13
8809.780  1.112e-13
8811.050  1.105e-13
8812.320  1.111e-13
8813.590  1.111e-13
8814.860  1.109e-13
8816.130  1.113e-13
8817.400  1.115e-13
8818.670  1.113e-13
8819.940  1.117e-13
8821.210  1.128e-13
8822.480  1.136e-13
8823.750  1.144e-13
8825.020  1.155e-13
8826.290  1.154e-13
8827.570  1.146e-13
8828.840  1.145e-13
8830.110  1.145e-13
8831.380  1.144e-13
8832.650  1.148e-13
8833.920  1.149e-13
8835.190  1.146e-13
8836.460  1.153e-13
8837.730  1.161e-13
8839.000  1.154e-13
8840.270  1.148e-13
8841.540  1.146e-13
8842.810  1.144e-13
8844.080  1.147e-13
8845.350  1.151e-13
8846.620  1.150e-13
8847.890  1.148e-13
8849.160  1.138e-13
8850.430  1.130e-13
8851.700  1.122e-13
8852.970  1.117e-13
8854.240  1.116e-13
8855.510  1.113e-13
8856.780  1.112e-13
8858.050  1.112e-13
8859.330  1.107e-13
8860.600  1.103e-13
8861.870  1.098e-13
8863.140  1.095e-13
8864.410  1.094e-13
8865.680  1.083e-13
8866.950  1.077e-13
8868.220  1.084e-13
8869.490  1.084e-13
8870.760  1.074e-13
8872.030  1.070e-13
8873.300  1.072e-13
8874.570  1.074e-13
8875.840  1.081e-13
8877.110  1.084e-13
8878.380  1.086e-13
8879.650  1.092e-13
8880.920  1.096e-13
8882.190  1.099e-13
8883.460  1.108e-13
8884.730  1.116e-13
8886.000  1.122e-13
8887.270  1.123e-13
8888.540  1.124e-13
8889.810  1.125e-13
8891.080  1.121e-13
8892.360  1.120e-13
8893.630  1.124e-13
8894.900  1.121e-13
8896.170  1.107e-13
8897.440  1.098e-13
8898.710  1.098e-13
8899.980  1.093e-13
8901.250  1.083e-13
8902.520  1.082e-13
8903.790  1.085e-13
8905.060  1.085e-13
8906.330  1.083e-13
8907.600  1.083e-13
8908.870  1.083e-13
8910.140  1.081e-13
8911.410  1.081e-13
8912.680  1.075e-13
8913.950  1.071e-13
8915.220  1.069e-13
8916.490  1.064e-13
8917.760  1.058e-13
8919.030  1.050e-13
8920.300  1.048e-13
8921.570  1.049e-13
8922.840  1.044e-13
8924.110  1.035e-13
8925.390  1.032e-13
8926.660  1.033e-13
8927.930  1.030e-13
8929.200  1.034e-13
8930.470  1.031e-13
8931.740  1.018e-13
8933.010  1.013e-13
8934.280  1.016e-13
8935.550  1.019e-13
8936.820  1.018e-13
8938.090  1.018e-13
8939.360  1.007e-13
8940.630  1.005e-13
8941.900  1.011e-13
8943.170  1.004e-13
8944.440  1.006e-13
8945.710  1.015e-13
8946.980  1.021e-13
8948.250  1.023e-13
8949.520  1.019e-13
8950.790  1.015e-13
8952.060  1.011e-13
8953.330  1.009e-13
8954.600  1.006e-13
8955.870  1.001e-13
8957.150  9.995e-14
8958.420  1.004e-13
8959.690  1.002e-13
8960.960  9.871e-14
8962.230  9.782e-14
8963.500  9.756e-14
8964.770  9.769e-14
8966.040  9.767e-14
8967.310  9.792e-14
8968.580  9.880e-14
8969.850  9.858e-14
8971.120  9.826e-14
8972.390  9.868e-14
8973.660  9.867e-14
8974.930  9.885e-14
8976.200  9.946e-14
8977.470  9.938e-14
8978.740  9.947e-14
8980.010  9.902e-14
8981.280  9.823e-14
8982.550  9.726e-14
8983.820  9.644e-14
8985.090  9.618e-14
8986.360  9.451e-14
8987.630  9.163e-14
8988.900  8.966e-14
8990.180  8.861e-14
8991.450  8.844e-14
8992.720  8.898e-14
8993.990  8.972e-14
8995.260  9.135e-14
8996.530  9.156e-14
8997.800  9.054e-14
8999.070  8.983e-14
9000.340  8.899e-14
9001.610  8.809e-14
9002.880  8.794e-14
9004.150  8.853e-14
9005.420  8.865e-14
9006.690  8.848e-14
9007.960  8.776e-14
9009.230  8.637e-14
9010.500  8.592e-14
9011.770  8.562e-14
9013.040  8.411e-14
9014.310  8.331e-14
9015.580  8.310e-14
9016.850  8.199e-14
9018.120  8.112e-14
9019.390  8.115e-14
9020.660  8.148e-14
9021.940  8.215e-14
9023.210  8.213e-14
9024.480  8.093e-14
9025.750  8.021e-14
9027.020  8.060e-14
9028.290  8.109e-14
9029.560  8.205e-14
9030.830  8.267e-14
9032.100  8.246e-14
9033.370  8.280e-14
9034.640  8.378e-14
9035.910  8.431e-14
9037.180  8.425e-14
9038.450  8.397e-14
9039.720  8.356e-14
9040.990  8.332e-14
9042.260  8.342e-14
9043.530  8.350e-14
9044.800  8.401e-14
9046.070  8.411e-14
9047.340  8.377e-14
9048.610  8.348e-14
9049.880  8.313e-14
9051.150  8.349e-14
9052.420  8.391e-14
9053.690  8.397e-14
9054.970  8.410e-14
9056.240  8.438e-14
9057.510  8.468e-14
9058.780  8.452e-14
9060.050  8.379e-14
9061.320  8.361e-14
9062.590  8.390e-14
9063.860  8.391e-14
9065.130  8.394e-14
9066.400  8.411e-14
9067.670  8.363e-14
9068.940  8.269e-14
9070.210  8.200e-14
9071.480  8.196e-14
9072.750  8.205e-14
9074.020  8.181e-14
9075.290  8.226e-14
9076.560  8.255e-14
9077.830  8.170e-14
9079.100  8.057e-14
9080.370  7.938e-14
9081.640  7.806e-14
9082.910  7.766e-14
9084.180  7.724e-14
9085.450  7.618e-14
9086.730  7.521e-14
9088.000  7.482e-14
9089.270  7.489e-14
9090.540  7.473e-14
9091.810  7.450e-14
9093.080  7.456e-14
9094.350  7.443e-14
9095.620  7.393e-14
9096.890  7.352e-14
9098.160  7.326e-14
9099.430  7.270e-14
9100.700  7.187e-14
9101.970  7.179e-14
9103.240  7.243e-14
9104.510  7.271e-14
9105.780  7.283e-14
9107.050  7.291e-14
9108.320  7.304e-14
9109.590  7.364e-14
9110.860  7.431e-14
9112.130  7.428e-14
9113.400  7.379e-14
9114.670  7.348e-14
9115.940  7.361e-14
9117.210  7.405e-14
9118.480  7.416e-14
9119.760  7.404e-14
9121.030  7.475e-14
9122.300  7.557e-14
9123.570  7.583e-14
9124.840  7.578e-14
9126.110  7.551e-14
9127.380  7.494e-14
9128.650  7.405e-14
9129.920  7.321e-14
9131.190  7.300e-14
9132.460  7.375e-14
9133.730  7.468e-14
